data/cz/cz_dem_1000_32633_etrs89-utm33n.asc
ncols        499
nrows        285
xllcorner    285360.589657212957
yllcorner    5378116.132637160830
cellsize     1000.000000000000
NODATA_value -9999
[rows 205 to 245 of 285, columns 184 to 275 of 499]
453 448 448 454 470 490 493 469 425 414 418 431 448 450 447 445 450 464 484 503 512 515 533 541 532 528 537 561 582 607 623 613 590 575 554 538 532 549 570 585 596 600 601 584 575 594 612 631 634 643 683 679 665 677 691 689 675 686 692 670 637 616 610 603 588 570 585 627 647 654 648 631 619 613 629 635 619 603 581 564 587 620 605 573 551 533 488 457 475 509 546 552
441 437 439 441 452 472 479 461 425 409 411 431 447 443 436 439 453 469 483 492 492 499 518 526 521 527 547 586 619 627 607 593 571 563 555 534 519 529 551 575 582 583 582 567 566 587 604 616 622 640 667 664 669 683 699 719 712 712 706 683 649 636 626 606 586 575 592 625 637 652 653 639 635 625 629 635 620 601 582 568 591 624 623 606 579 537 485 450 460 497 521 532
431 430 430 435 438 452 463 451 429 410 411 423 434 430 431 438 449 462 469 475 479 491 503 509 535 570 583 614 653 645 592 569 553 547 547 528 517 523 545 571 571 565 566 558 563 575 594 612 631 649 663 663 666 679 707 743 740 711 691 676 649 640 621 603 599 596 603 612 610 639 659 657 645 636 637 635 621 594 579 580 597 610 617 598 565 526 490 448 440 463 483 515
429 424 424 429 430 436 447 440 420 408 409 418 425 426 433 446 459 466 467 467 474 485 494 504 530 575 595 605 636 613 562 551 547 530 521 515 514 525 545 568 566 554 554 563 579 584 597 615 631 642 650 655 679 699 720 736 738 708 670 643 626 616 606 600 606 611 613 595 589 612 638 658 653 642 633 624 612 594 587 598 613 602 600 579 535 503 478 454 432 428 447 475
430 422 420 421 422 423 433 434 423 410 409 414 421 430 437 448 462 473 472 467 469 482 491 495 507 548 571 581 605 579 540 533 538 526 515 509 517 528 540 562 562 547 553 572 598 608 620 620 626 635 641 658 704 731 749 760 758 718 677 643 627 611 606 612 613 606 596 576 574 597 635 663 660 644 626 618 621 606 597 614 633 608 588 573 540 509 488 471 451 434 435 453
428 422 418 417 418 418 425 432 426 412 409 413 417 427 438 448 453 459 468 471 472 479 483 484 497 531 566 574 586 554 526 524 525 521 512 504 510 519 526 542 549 546 566 589 603 610 624 630 633 631 638 673 701 708 744 770 744 702 664 640 626 612 605 608 595 585 571 559 575 610 644 669 674 663 650 643 643 626 605 618 634 615 589 562 537 514 498 488 474 463 448 436
433 424 419 415 414 414 419 426 419 410 419 424 426 434 447 460 459 462 474 470 464 469 474 479 497 540 569 563 558 530 518 519 517 513 504 498 506 509 517 537 540 552 577 587 590 600 615 627 624 622 644 684 689 692 736 756 714 683 651 613 602 583 566 574 570 558 557 554 588 628 649 670 671 671 664 651 635 619 608 615 630 638 638 605 560 541 520 494 480 477 472 453
442 430 425 420 416 413 415 423 420 412 424 432 433 438 447 455 461 468 473 463 458 464 471 480 505 548 563 544 533 515 509 508 507 504 497 495 505 507 525 532 542 570 583 582 594 607 622 630 617 619 649 680 682 695 702 682 651 628 602 597 595 565 547 558 565 550 543 550 598 626 641 658 657 660 657 649 638 627 617 626 640 652 644 624 583 564 553 526 498 476 468 462
449 437 432 426 421 416 412 416 418 413 425 441 441 442 446 450 468 480 469 454 455 460 468 481 518 557 565 543 515 501 498 501 504 501 494 494 498 517 541 546 553 572 575 587 598 604 607 614 606 617 642 659 670 671 657 621 604 599 582 585 592 564 540 543 545 541 533 545 600 624 627 637 629 632 638 646 650 642 639 631 644 660 639 602 578 565 564 563 549 504 470 469
452 436 430 425 421 417 413 413 412 412 430 439 434 437 443 448 463 470 459 448 452 456 465 486 523 554 547 523 504 493 490 494 499 498 490 486 498 525 550 550 549 564 569 583 589 588 594 616 605 623 645 646 655 645 621 600 578 565 559 566 572 557 533 523 527 530 528 565 605 618 612 621 613 615 619 642 658 653 655 643 640 642 632 604 570 555 554 566 568 526 494 493
455 437 428 424 421 419 416 415 413 413 427 428 426 430 437 444 456 461 450 443 450 456 469 490 518 534 519 503 496 490 485 490 495 494 485 490 505 526 550 547 544 556 566 581 581 577 598 611 596 606 629 630 649 667 643 609 581 560 549 544 537 542 532 520 525 521 529 585 611 603 597 607 603 595 603 629 648 661 665 654 650 634 618 601 566 541 533 536 551 540 530 530
448 436 430 428 427 424 419 416 411 411 419 419 422 424 426 434 447 455 446 442 454 464 476 492 513 521 507 494 489 488 483 485 488 488 484 493 503 520 540 539 540 549 564 576 575 574 585 600 588 596 619 619 640 660 653 613 581 574 581 561 531 526 531 520 512 512 540 585 606 591 582 593 590 582 592 618 633 649 655 654 659 658 631 589 556 531 521 520 527 522 523 531
449 436 429 425 422 419 418 417 413 412 419 418 417 418 421 427 439 446 440 442 459 465 473 494 513 529 523 504 489 483 477 476 477 479 484 491 501 519 530 533 545 554 559 571 564 560 564 575 573 588 610 616 624 653 675 665 632 613 605 564 528 518 533 525 507 509 541 572 591 579 577 587 576 574 595 611 625 639 629 627 643 648 640 608 572 548 525 508 505 502 505 520
450 440 434 430 423 418 416 416 416 413 416 418 419 417 416 419 427 433 434 444 461 464 473 492 513 527 526 519 504 485 473 475 477 479 483 495 512 526 522 534 545 544 548 551 550 555 561 567 568 576 587 600 608 654 693 679 642 624 608 570 534 515 525 522 508 516 544 568 577 566 568 574 563 576 593 598 617 629 615 604 614 626 633 621 573 535 521 513 496 486 489 502
452 441 433 429 425 422 422 420 416 414 414 416 421 421 418 420 424 428 436 449 465 464 465 478 505 519 515 508 500 492 477 472 474 479 491 506 517 518 526 540 542 538 538 545 553 560 583 600 598 593 594 596 596 623 635 622 598 590 593 568 539 518 508 505 501 512 541 560 566 555 557 554 559 571 594 607 616 617 598 588 592 607 623 625 577 528 506 501 500 488 473 480
460 445 435 428 425 422 421 422 420 420 416 415 418 422 423 421 422 425 433 446 457 455 458 475 503 515 512 498 486 479 474 472 477 488 508 519 522 534 544 538 541 553 553 565 568 575 601 624 629 629 630 614 596 613 610 589 573 561 565 548 527 517 503 490 489 508 533 547 548 540 543 551 578 589 593 600 603 592 579 583 591 607 614 593 564 536 507 493 485 489 471 470
458 444 435 431 430 429 426 425 424 422 417 415 417 420 425 425 422 423 429 441 455 456 457 478 504 514 519 507 489 477 470 471 487 510 517 517 533 549 548 539 543 558 565 577 573 588 621 646 657 656 643 619 593 600 588 569 563 544 539 529 515 509 500 487 491 509 528 535 533 525 533 563 579 568 571 577 571 563 569 575 584 593 596 570 551 546 535 531 506 479 466 467
455 446 441 436 432 429 429 430 427 422 420 417 417 419 425 430 427 425 428 437 450 455 457 473 496 505 508 516 502 479 465 471 498 526 530 524 550 555 543 539 543 563 585 599 589 602 625 643 654 665 649 615 583 594 579 543 530 523 530 525 508 504 498 487 492 504 517 522 520 525 553 581 573 549 555 560 552 550 558 567 589 590 569 548 534 538 544 531 506 482 462 454
460 447 439 433 429 427 427 425 422 422 425 421 417 419 427 433 433 427 428 433 442 449 456 471 492 503 505 513 494 470 466 475 495 516 527 535 554 548 541 552 562 575 600 625 619 617 618 621 629 643 645 619 578 571 575 548 524 511 524 528 510 494 490 488 499 507 515 515 515 541 578 591 558 528 527 529 526 529 542 562 581 575 552 527 515 517 526 528 521 499 474 455
464 453 443 435 431 428 428 429 426 426 426 421 419 422 429 437 439 432 427 429 438 447 458 474 488 495 496 501 487 468 471 492 512 516 529 558 561 543 546 562 576 590 617 647 640 645 654 643 636 622 619 615 586 555 553 545 532 511 512 517 511 498 483 486 504 505 506 524 561 585 570 547 530 514 513 517 520 531 543 546 546 534 523 513 503 502 513 525 514 495 481 470
472 462 450 440 435 434 434 435 433 428 424 420 419 421 426 437 444 441 433 431 434 440 451 470 485 486 487 487 473 464 481 511 516 521 546 581 573 556 576 594 606 606 623 665 669 665 676 670 659 641 619 594 576 550 549 547 528 510 499 496 495 494 483 489 499 496 523 564 595 578 546 523 508 500 498 505 520 538 543 530 518 508 500 498 497 493 498 507 500 478 465 458
483 472 460 450 442 439 438 435 431 426 421 419 419 420 424 430 440 450 451 442 434 432 443 462 477 478 478 472 463 465 485 515 516 526 555 593 570 562 609 636 648 638 638 667 679 676 683 687 674 662 642 603 569 540 547 555 534 515 500 488 484 480 475 477 483 500 533 562 560 541 520 503 493 501 513 517 532 555 553 535 526 517 503 489 484 483 482 492 500 481 456 446
491 483 471 456 444 440 439 433 427 423 421 421 421 421 425 429 438 450 456 449 439 434 440 453 462 464 465 459 458 469 492 517 520 534 563 589 558 564 608 643 669 666 669 684 672 665 674 681 669 645 613 585 560 532 532 549 539 525 506 493 487 473 474 483 490 511 538 560 539 518 514 500 485 497 533 560 566 564 559 557 555 542 527 505 486 476 472 479 490 481 458 452
500 482 465 449 438 433 433 432 427 424 424 426 425 422 426 430 438 446 451 446 439 438 445 454 462 459 460 461 461 474 505 533 529 526 549 551 542 579 607 620 642 660 673 678 668 659 669 685 685 663 637 615 588 545 522 533 537 523 504 493 488 476 477 487 491 504 532 547 522 503 499 499 487 499 534 562 568 557 540 536 540 529 518 503 487 475 467 467 468 462 455 456
505 490 470 455 445 438 440 440 433 427 425 427 426 423 425 428 432 439 443 438 438 441 448 456 468 469 467 462 462 479 516 548 544 524 536 534 558 588 602 625 648 657 660 661 659 663 669 674 680 675 664 639 609 565 535 525 525 525 511 493 482 474 472 483 496 511 536 538 505 491 487 489 483 494 523 544 550 535 515 521 542 532 508 496 487 475 464 459 457 455 455 453
497 489 473 458 449 443 444 447 443 435 429 428 428 425 424 425 430 435 436 434 437 442 450 461 472 474 470 465 473 500 525 550 540 513 513 537 565 583 611 637 657 659 650 647 648 658 669 665 646 655 673 644 607 575 551 529 514 511 508 504 502 485 478 494 515 536 542 523 493 480 478 472 472 505 540 547 546 522 502 502 527 533 516 497 483 477 472 466 459 456 454 446
497 482 469 460 453 449 453 460 453 443 435 429 427 426 427 427 428 431 431 432 437 444 453 463 472 472 469 470 496 537 537 533 522 512 530 560 573 593 615 624 639 645 643 648 656 664 655 633 613 626 655 646 632 614 583 549 521 496 486 493 508 489 474 490 521 539 519 497 483 481 476 468 477 509 518 516 523 508 490 484 496 514 512 499 487 470 459 459 459 452 438 427
518 496 479 467 458 453 460 474 467 448 436 431 431 428 430 432 430 429 429 430 433 442 453 463 474 476 471 478 516 560 541 508 496 508 547 588 599 591 598 613 627 637 645 661 675 670 640 609 599 629 646 636 626 620 595 559 530 503 485 479 484 476 472 499 533 540 514 487 473 468 466 462 479 497 494 488 488 487 483 478 476 489 502 492 475 462 453 445 440 437 426 413
540 518 496 479 470 462 463 480 479 458 443 436 435 430 432 435 434 431 430 430 433 443 453 461 469 471 471 479 506 528 505 491 501 528 564 593 603 594 593 617 641 655 653 657 661 655 632 600 584 606 636 630 608 599 589 564 533 510 505 495 476 466 475 507 536 543 520 494 480 478 478 469 470 481 477 471 467 468 467 466 465 481 507 505 484 465 451 440 433 427 421 415
547 527 502 482 470 463 467 481 474 456 444 440 438 432 431 436 437 435 431 431 434 442 449 458 467 471 476 479 496 496 -9999 -9999 -9999 -9999 -9999 601 601 593 591 605 631 650 650 649 645 639 620 585 565 573 608 624 603 580 570 554 531 518 518 516 503 489 478 501 528 538 524 503 490 486 477 468 464 472 474 465 458 454 452 452 458 478 503 513 497 476 457 441 431 424 416 411
540 525 508 489 475 472 479 485 474 458 449 444 440 434 431 432 435 436 434 433 434 437 444 458 472 473 474 478 493 491 -9999 -9999 -9999 -9999 -9999 598 590 596 614 614 620 633 641 655 649 636 624 589 554 561 599 633 623 592 569 544 530 530 525 520 536 529 492 499 525 535 539 524 500 484 469 462 456 464 483 477 465 453 446 447 460 478 495 504 493 477 459 441 430 423 415 406
528 516 506 488 475 479 490 488 466 449 444 438 437 435 434 434 434 436 436 434 435 436 442 455 469 475 473 475 485 482 -9999 -9999 -9999 -9999 -9999 -9999 -9999 -9999 -9999 -9999 -9999 -9999 651 674 669 653 636 596 555 561 603 -9999 585 563 552 540 527 540 546 524 518 500 474 496 534 560 568 545 510 483 467 465 462 459 477 482 482 466 440 439 457 474 485 496 492 474 454 436 425 417 409 401
525 510 498 486 480 483 490 484 461 455 457 446 439 436 437 436 436 437 438 436 436 437 440 449 462 471 472 473 476 -9999 -9999 -9999 -9999 -9999 -9999 -9999 -9999 -9999 -9999 -9999 -9999 -9999 657 668 660 654 634 582 546 549 576 -9999 572 550 542 -9999 -9999 540 542 517 496 488 476 468 487 534 560 543 512 491 476 472 467 454 462 473 482 463 436 445 460 460 475 499 491 470 453 439 428 418 409 402
527 517 499 485 479 480 479 469 455 454 463 453 441 438 440 441 438 438 439 437 437 439 440 445 460 469 468 470 479 -9999 -9999 -9999 -9999 -9999 -9999 -9999 -9999 -9999 -9999 -9999 -9999 -9999 643 648 642 638 622 581 544 541 566 -9999 -9999 -9999 -9999 -9999 -9999 -9999 544 535 522 504 491 471 466 493 526 520 502 490 478 474 466 451 459 459 463 449 426 432 444 447 487 524 508 474 452 440 431 421 413 404
512 518 511 493 479 475 470 459 453 457 463 455 445 441 443 444 442 441 441 439 438 440 442 445 458 467 465 469 476 -9999 -9999 -9999 -9999 -9999 -9999 -9999 -9999 -9999 -9999 -9999 -9999 -9999 -9999 620 620 632 634 598 551 534 -9999 -9999 -9999 -9999 -9999 -9999 -9999 -9999 -9999 560 545 516 491 474 458 475 509 514 497 481 471 472 459 449 462 453 441 428 414 413 417 440 483 501 495 476 456 441 433 426 415 402
514 510 510 496 476 463 460 455 456 466 469 459 450 446 445 445 443 446 450 447 442 441 444 446 455 460 464 469 471 -9999 -9999 -9999 -9999 -9999 -9999 -9999 -9999 -9999 -9999 -9999 -9999 -9999 617 614 610 622 -9999 -9999 -9999 524 -9999 -9999 -9999 -9999 -9999 -9999 -9999 -9999 -9999 -9999 -9999 507 492 489 466 469 501 508 493 482 473 462 444 448 456 445 430 436 439 439 431 419 449 470 476 460 440 439 450 447 423 404
523 507 500 490 475 464 459 459 466 473 470 462 455 450 448 446 446 451 458 458 448 442 444 447 450 454 469 478 477 -9999 -9999 -9999 -9999 -9999 -9999 -9999 -9999 -9999 -9999 -9999 -9999 -9999 598 601 607 -9999 -9999 -9999 -9999 -9999 -9999 -9999 -9999 -9999 -9999 -9999 -9999 -9999 -9999 -9999 -9999 -9999 -9999 -9999 -9999 476 483 488 491 492 479 464 453 439 436 429 439 457 459 456 451 419 430 440 443 432 419 437 453 456 435 412
521 513 498 486 476 472 470 466 474 481 478 469 460 455 451 448 446 448 455 460 457 448 445 447 451 456 472 484 488 -9999 -9999 -9999 -9999 -9999 -9999 -9999 -9999 -9999 -9999 -9999 -9999 -9999 -9999 -9999 -9999 -9999 -9999 -9999 -9999 -9999 -9999 -9999 -9999 -9999 -9999 -9999 -9999 -9999 -9999 -9999 -9999 -9999 -9999 -9999 -9999 -9999 -9999 487 485 484 473 459 457 457 450 432 429 443 455 461 458 427 392 389 401 396 392 395 408 434 434 414
507 518 510 501 490 483 478 471 473 485 490 483 472 463 454 450 449 449 451 455 457 450 445 448 452 459 469 482 488 -9999 -9999 -9999 -9999 -9999 -9999 -9999 -9999 -9999 -9999 -9999 -9999 -9999 -9999 -9999 -9999 -9999 -9999 -9999 -9999 -9999 -9999 -9999 -9999 -9999 -9999 -9999 -9999 -9999 -9999 -9999 -9999 -9999 -9999 -9999 -9999 -9999 -9999 496 490 477 468 462 456 453 455 453 439 436 448 456 453 432 400 402 398 399 425 421 396 408 427 410
502 522 529 516 500 494 492 484 479 486 495 490 481 469 458 459 461 457 456 460 460 454 446 448 454 465 476 485 494 -9999 -9999 -9999 -9999 -9999 -9999 -9999 -9999 -9999 -9999 -9999 -9999 -9999 -9999 -9999 -9999 -9999 -9999 -9999 -9999 -9999 -9999 -9999 -9999 -9999 -9999 -9999 -9999 -9999 -9999 -9999 -9999 -9999 -9999 -9999 -9999 -9999 -9999 -9999 493 485 480 479 485 472 454 448 441 442 450 454 442 418 395 381 404 425 441 427 389 382 396 406
518 532 532 522 499 480 480 488 486 490 500 499 490 475 463 467 475 468 463 466 462 454 449 452 459 465 471 481 491 496 -9999 -9999 -9999 -9999 -9999 -9999 -9999 -9999 -9999 -9999 -9999 -9999 -9999 -9999 -9999 -9999 -9999 -9999 -9999 -9999 -9999 -9999 -9999 -9999 -9999 -9999 -9999 -9999 -9999 -9999 -9999 -9999 -9999 -9999 -9999 -9999 -9999 -9999 -9999 491 489 487 493 486 469 452 446 451 457 448 419 394 390 411 433 446 443 418 394 371 369 418
