data/cz/cz_dem_1000_32633_etrs89-utm33n.asc
ncols        499
nrows        285
xllcorner    285360.589657212957
yllcorner    5378116.132637160830
cellsize     1000.000000000000
NODATA_value -9999
[rows 123 to 163 of 285, columns 368 to 459 of 499]
828 854 856 857 874 875 814 793 807 747 692 660 631 655 669 653 633 625 613 603 586 572 552 547 567 590 596 594 618 630 615 578 534 531 548 537 501 471 461 435 401 374 353 336 326 319 308 310 307 296 282 268 268 281 279 284 287 291 292 289 283 277 269 266 269 267 278 287 286 279 272 266 254 243 245 256 260 259 256 247 229 -9999 -9999 -9999 -9999 -9999 -9999 -9999 -9999 -9999 -9999 -9999
861 863 863 830 778 760 743 752 777 748 700 653 625 635 667 659 623 607 597 589 599 608 577 549 548 562 569 594 638 645 616 565 532 553 562 525 485 456 447 429 398 366 357 353 335 328 321 313 311 306 292 273 263 269 273 282 282 286 288 285 285 281 276 274 274 271 272 270 271 268 272 274 266 258 254 258 255 255 249 246 234 217 -9999 -9999 -9999 -9999 -9999 -9999 -9999 -9999 -9999 -9999
803 784 802 785 752 719 704 714 733 738 709 691 656 616 644 654 632 617 603 579 591 586 565 571 552 543 550 592 647 660 631 588 566 573 558 513 467 432 412 397 380 371 379 374 354 355 344 327 316 305 293 280 264 257 259 269 274 278 282 279 274 274 273 269 270 274 271 262 259 256 262 262 262 263 261 253 247 239 232 228 225 219 -9999 -9999 -9999 -9999 195 -9999 -9999 -9999 -9999 -9999
760 712 728 770 765 715 677 671 689 689 681 682 648 601 604 635 656 646 618 584 573 566 576 597 575 536 534 583 641 656 637 608 583 558 539 505 463 428 415 410 396 389 379 363 357 362 349 328 309 296 286 277 270 262 254 253 256 264 269 270 264 263 260 257 265 271 271 263 253 245 246 253 262 268 266 263 261 251 250 250 239 225 -9999 -9999 -9999 -9999 195 195 197 198 199 202
703 656 690 712 739 721 677 645 646 650 656 651 623 593 588 629 667 651 621 595 574 552 584 624 607 556 527 570 609 640 625 601 570 540 515 504 472 435 416 421 410 392 376 364 356 352 340 319 301 294 289 285 279 271 264 255 248 248 249 249 249 246 244 243 244 246 251 253 247 240 238 244 254 264 269 266 264 266 266 258 246 231 217 -9999 -9999 195 195 195 196 198 199 201
628 588 595 655 732 728 681 642 620 617 618 611 597 580 574 597 644 645 628 615 593 555 586 612 579 537 526 557 574 601 594 566 537 520 500 483 453 423 404 406 405 395 384 372 355 338 323 310 308 308 302 291 275 274 273 261 249 244 241 239 237 236 234 233 233 233 232 232 232 231 230 231 239 255 267 261 256 265 264 262 254 239 217 207 202 198 197 197 198 200 202 204
547 520 560 669 743 726 693 663 632 609 600 588 590 605 593 578 616 629 622 621 587 549 561 553 528 510 526 552 563 566 555 531 512 505 497 469 441 423 402 388 396 396 383 370 360 347 330 324 323 318 294 276 266 263 258 253 248 245 244 243 241 239 237 235 232 229 227 226 225 223 223 224 231 249 254 251 250 260 254 255 256 240 217 207 202 199 199 199 199 206 215 219
480 495 579 702 752 718 686 662 643 639 626 622 646 643 616 576 588 592 571 570 556 531 557 572 555 524 515 529 536 527 520 508 495 492 491 473 452 433 403 379 373 379 368 351 344 341 339 335 331 314 290 287 272 261 257 253 250 251 253 256 259 258 259 257 248 241 237 234 228 224 222 223 226 235 235 241 244 254 249 252 249 237 216 205 201 200 200 199 205 218 231 238
462 551 658 720 719 689 666 627 616 626 625 646 668 651 624 589 561 560 580 597 576 563 613 617 590 543 510 507 509 500 505 511 511 502 491 469 455 439 423 400 375 370 357 335 322 323 325 323 313 295 292 290 274 263 258 257 259 264 272 277 284 288 315 315 291 293 298 290 268 253 249 254 240 223 220 235 241 253 250 244 243 231 214 205 201 201 202 202 220 238 244 245
452 544 649 674 664 649 639 606 581 575 586 642 662 643 618 585 583 602 627 634 590 608 652 630 596 557 547 546 518 511 504 510 520 532 522 483 461 448 421 400 375 359 354 338 316 307 303 301 297 297 298 294 280 268 268 275 281 291 317 330 332 328 351 347 339 361 352 315 307 312 311 313 299 260 234 241 251 260 255 240 235 234 220 207 203 203 204 208 227 240 239 240
456 531 606 620 623 605 602 576 533 523 583 645 665 655 635 596 607 645 658 639 592 613 660 644 620 602 622 651 603 558 531 507 511 523 527 500 478 452 428 410 396 377 362 353 335 328 328 319 312 311 318 333 314 296 315 322 331 347 357 371 364 356 366 374 361 370 362 338 328 328 311 303 306 282 243 233 263 281 265 247 232 233 217 210 214 208 206 215 226 229 227 239
405 497 583 606 578 558 568 523 511 581 621 647 682 696 677 623 629 660 664 626 596 635 675 656 646 665 690 677 643 592 551 519 485 489 519 501 469 461 483 492 487 463 443 440 407 390 389 378 366 365 380 388 333 310 353 380 392 388 372 388 382 382 403 409 393 379 363 348 343 332 315 294 289 282 261 232 252 277 267 242 220 213 209 214 220 221 222 219 217 220 222 230
384 464 532 559 556 524 513 471 514 582 639 669 669 669 671 633 635 655 653 627 619 672 696 674 674 696 696 664 641 613 580 553 515 488 516 520 491 500 530 542 542 518 506 499 469 451 445 440 427 418 397 354 312 323 368 414 455 450 417 420 421 412 421 416 394 372 364 356 327 311 308 298 278 264 252 229 232 248 229 210 206 206 208 222 237 239 243 235 228 235 236 236
358 415 448 500 509 481 473 464 529 608 655 664 643 639 652 640 649 664 657 630 631 687 705 686 670 668 660 640 626 615 600 595 573 520 487 501 501 522 534 524 531 532 529 515 496 478 464 455 431 403 354 334 356 364 391 443 480 464 441 466 465 448 439 423 383 348 356 351 314 291 296 301 287 262 240 222 223 233 218 210 209 210 209 230 256 256 250 238 237 248 254 248
322 365 442 504 478 443 425 462 529 593 635 634 625 617 633 650 668 666 647 630 645 701 709 668 651 648 637 624 609 604 611 623 599 552 492 472 479 512 522 501 491 505 511 511 494 478 470 456 443 421 357 388 427 393 410 463 487 462 459 474 465 447 431 413 380 354 337 317 299 282 287 285 273 263 246 226 218 214 209 208 213 217 214 220 244 251 253 251 252 259 257 252
293 318 384 455 447 412 414 505 551 580 608 609 619 612 618 640 668 667 643 637 673 723 695 639 636 643 620 603 596 586 597 616 610 574 531 473 456 491 511 484 445 447 475 508 506 487 467 462 455 400 362 392 432 417 420 466 477 468 458 446 435 429 415 400 389 379 361 337 299 276 268 262 254 251 246 237 225 213 207 212 221 223 218 217 223 232 251 262 268 266 267 270
278 299 340 396 414 384 400 474 516 548 578 589 606 606 611 627 659 655 633 638 702 743 682 616 627 649 625 598 584 572 570 573 575 571 547 499 465 475 486 458 456 428 449 494 505 491 469 447 426 389 371 422 448 432 428 462 473 454 435 420 410 396 389 376 363 366 359 343 318 313 291 269 251 240 235 233 226 215 212 222 228 226 217 217 222 225 237 250 266 276 285 287
266 270 290 320 355 363 417 476 527 544 571 583 597 589 603 636 666 646 622 631 683 703 643 597 627 645 627 603 588 582 592 582 560 536 524 502 471 456 446 451 488 450 446 457 470 485 494 482 423 393 412 450 471 450 451 475 477 457 445 429 414 425 430 422 395 354 336 335 340 343 311 289 276 258 245 234 221 213 216 226 231 229 222 219 225 228 237 254 264 274 280 280
260 260 269 281 299 346 437 542 560 543 564 560 565 595 631 661 665 634 613 625 646 647 603 599 633 640 624 614 614 617 626 620 606 569 547 524 517 506 481 476 478 457 453 426 413 452 475 446 395 424 466 486 493 479 483 485 459 434 432 428 434 443 433 413 391 374 341 338 339 334 306 290 275 265 256 241 223 215 221 230 233 232 227 225 228 230 241 260 264 270 267 266
252 255 260 267 274 306 396 519 560 515 541 549 572 605 640 666 652 622 607 613 606 601 584 598 614 629 640 639 642 633 617 599 593 588 582 560 553 549 536 517 481 479 501 482 429 397 395 385 404 468 505 515 511 499 497 491 472 435 421 408 410 429 426 414 388 359 340 317 325 316 298 276 261 258 253 239 222 216 226 234 236 237 237 232 232 231 235 249 253 256 250 248
249 253 259 263 268 281 333 450 486 484 548 557 542 568 609 635 629 615 614 615 593 587 577 586 607 635 657 663 660 639 613 587 572 569 549 535 542 551 551 541 510 489 494 491 466 436 432 451 472 497 506 518 514 497 488 492 484 438 399 384 382 396 409 411 378 341 322 301 303 292 276 262 251 245 241 233 221 218 232 244 243 241 238 235 236 238 238 235 236 238 245 255
247 251 255 258 261 268 288 339 417 518 599 600 554 561 600 616 605 606 618 625 593 573 559 572 606 645 661 670 660 637 636 626 615 615 573 534 516 527 534 543 541 525 505 492 489 495 494 499 501 492 498 514 514 496 481 484 488 452 393 352 353 368 376 374 339 328 312 288 280 281 274 264 258 250 239 228 220 227 248 261 253 245 238 237 241 254 256 251 248 251 262 267
243 248 250 253 255 261 272 297 403 549 611 576 512 499 563 594 589 592 598 602 586 560 550 581 627 649 640 654 673 687 689 656 633 609 576 564 538 507 501 519 533 537 523 499 485 487 486 491 490 482 499 518 519 508 485 470 476 452 407 365 335 333 354 343 306 300 294 275 265 270 268 266 259 246 234 223 219 232 251 263 261 250 242 241 248 270 271 263 266 269 282 279
241 245 246 248 250 255 264 283 342 442 510 540 502 459 528 576 572 574 580 579 577 556 560 601 633 633 621 646 688 705 681 655 631 597 580 573 553 518 487 491 513 532 541 528 496 472 467 476 475 471 491 508 509 503 485 453 437 431 416 387 347 314 316 312 289 274 269 264 257 263 263 256 251 241 230 222 223 242 255 263 266 257 248 245 253 271 275 280 286 284 285 289
238 241 242 242 245 248 255 272 296 338 413 482 487 455 531 581 571 560 563 573 559 546 581 622 623 614 604 626 655 667 656 632 610 572 559 542 526 528 514 477 485 507 541 540 507 473 478 490 484 459 465 480 504 501 477 447 402 403 409 393 372 346 316 289 276 265 257 252 248 252 257 251 241 231 224 222 233 260 271 273 273 263 253 249 261 286 296 297 298 300 296 301
236 239 239 239 240 242 247 259 277 312 361 415 419 426 534 591 590 576 563 578 559 570 603 609 602 593 590 611 640 641 636 606 577 541 525 507 491 489 496 480 456 491 548 560 532 477 468 502 520 480 434 444 484 485 457 420 383 401 396 385 362 361 341 319 297 273 260 253 244 240 242 240 229 224 224 225 243 263 273 278 277 270 260 253 268 299 312 314 317 315 307 318
233 235 235 236 237 237 242 247 259 278 311 354 366 433 542 595 602 573 570 591 571 560 563 575 597 597 588 595 610 622 613 577 564 540 501 482 474 454 445 454 448 503 557 562 519 470 476 528 537 485 420 410 444 454 419 380 354 378 369 363 342 346 347 326 292 275 270 266 257 243 231 226 225 225 225 231 249 267 273 275 281 276 267 259 265 291 311 318 320 324 326 333
230 232 232 233 235 234 234 234 239 252 280 317 354 443 529 568 576 548 553 585 597 580 541 558 593 598 593 580 567 591 588 554 560 551 501 510 519 492 465 429 421 482 512 526 492 439 486 534 519 460 403 387 399 396 376 340 327 349 332 315 320 320 314 297 272 266 265 259 248 235 229 227 230 230 231 240 244 252 263 276 287 282 274 265 262 273 292 307 326 336 338 326
229 230 230 230 232 232 230 231 235 243 264 288 330 410 484 532 527 526 563 599 607 582 545 567 594 599 589 570 551 569 566 537 530 502 504 542 537 532 517 488 446 429 428 449 415 414 492 526 511 466 409 367 349 339 331 317 306 311 302 288 291 290 280 272 264 256 253 247 237 230 230 235 237 236 241 250 256 251 266 284 292 288 282 271 265 268 287 311 333 339 335 324
228 228 228 228 229 229 228 230 234 240 251 266 309 375 447 500 496 530 576 596 583 560 533 550 597 619 605 572 544 540 543 527 499 498 544 590 574 577 560 530 497 513 498 465 409 387 443 482 502 483 430 381 353 336 318 314 308 301 291 280 276 273 267 264 260 247 240 237 232 234 240 245 242 246 252 252 262 269 261 267 276 295 300 284 271 270 280 304 327 339 336 334
227 227 226 225 226 227 227 229 234 239 245 257 312 373 423 467 472 516 559 568 548 522 502 538 595 610 586 567 563 546 540 535 510 543 588 612 606 605 580 524 528 559 554 528 489 411 380 445 500 485 429 405 389 371 368 369 326 288 279 277 270 265 263 258 249 239 234 234 237 243 248 249 247 257 264 259 264 278 269 267 281 317 332 307 282 276 279 303 325 330 334 334
227 226 226 225 224 224 225 228 231 234 238 250 303 365 408 448 459 508 550 561 553 515 498 556 594 588 575 585 583 566 543 525 520 575 611 619 621 610 582 529 530 562 563 530 492 439 367 364 418 441 406 410 412 410 424 402 348 294 270 265 261 255 251 245 240 236 236 240 249 252 253 252 257 270 273 261 264 279 282 269 277 303 324 310 297 287 284 289 298 305 312 321
227 226 225 225 224 223 222 225 227 229 232 242 288 359 408 434 430 486 545 555 557 553 497 527 568 581 585 589 588 575 539 505 515 566 590 598 607 612 593 551 532 554 549 525 488 479 439 391 347 341 339 384 399 422 422 374 324 292 273 262 255 248 244 240 238 239 245 253 253 256 258 256 268 285 282 272 271 289 290 273 279 299 318 318 320 310 294 290 291 299 309 318
227 226 225 224 223 223 222 222 223 224 227 230 250 306 377 402 410 485 549 563 540 524 471 480 540 581 591 587 576 547 527 524 529 552 570 584 592 599 577 545 538 562 549 506 522 539 516 490 405 330 305 324 376 422 405 365 330 300 282 273 264 251 243 240 243 253 256 263 259 264 269 264 270 290 287 277 276 292 288 281 291 303 319 328 323 311 307 307 300 303 315 329
226 225 224 223 222 222 222 221 221 221 223 228 238 263 313 346 403 487 549 548 512 473 443 480 535 574 579 573 555 538 541 551 546 545 560 574 589 599 580 573 559 566 556 525 554 570 560 543 493 409 324 318 408 446 430 381 326 293 279 267 255 247 243 244 258 266 260 262 267 271 285 279 269 279 291 295 297 301 291 294 314 341 363 364 340 315 316 321 313 308 325 348
225 224 223 222 221 221 220 220 219 219 222 228 238 250 272 316 387 452 499 511 450 410 437 503 536 564 572 565 555 556 567 572 558 551 555 573 588 590 582 588 576 575 570 546 553 567 559 550 523 460 360 324 408 443 405 345 302 283 274 259 249 247 248 259 269 267 264 271 274 271 287 293 283 278 295 319 328 322 302 309 351 412 461 459 397 339 322 330 324 315 326 345
225 223 222 221 220 220 219 219 219 218 222 227 236 247 272 316 362 401 426 446 418 490 551 558 563 587 596 597 582 575 582 582 565 557 564 572 581 572 567 584 583 576 569 552 534 528 514 522 524 503 400 320 345 342 309 288 280 273 264 253 250 258 259 268 274 278 274 281 286 277 283 292 295 288 291 305 326 339 314 334 433 511 537 509 419 350 333 338 334 324 340 372
226 223 222 221 220 219 218 217 217 217 220 225 232 242 267 318 355 388 386 387 391 491 568 590 599 620 619 616 588 584 595 596 578 563 555 559 566 553 545 569 569 554 544 527 498 479 464 489 522 515 431 323 282 276 274 271 268 264 258 252 255 265 264 276 288 296 285 286 296 288 280 288 297 290 297 306 321 346 326 341 434 526 541 457 383 362 374 380 363 337 345 376
227 224 222 221 220 219 217 216 216 215 218 221 228 240 278 356 388 401 384 352 343 411 501 571 610 635 640 635 608 591 599 599 583 575 567 547 530 520 525 546 543 534 531 506 473 451 449 454 471 446 376 313 285 273 267 263 260 257 255 258 266 273 268 279 296 295 285 287 299 303 293 296 300 294 300 315 333 351 343 354 390 467 470 429 416 414 393 408 393 355 360 382
229 228 227 225 224 221 217 216 215 214 215 218 223 235 276 352 378 382 384 357 334 393 479 548 593 621 638 643 625 608 603 602 593 587 584 560 530 531 517 517 514 519 529 499 457 434 437 425 419 373 326 302 291 283 275 268 262 259 261 270 287 285 269 271 284 292 290 303 329 333 307 308 312 305 303 307 322 356 405 415 384 418 437 482 492 439 402 392 363 357 381 402
229 229 232 233 231 226 219 215 214 214 213 215 220 228 260 324 345 352 356 331 333 386 448 532 592 598 614 643 634 622 620 619 612 601 597 584 557 524 499 478 480 493 492 473 426 416 407 371 349 328 311 308 304 296 287 277 273 277 275 286 312 295 277 272 284 299 305 324 363 353 313 312 323 319 315 316 321 349 436 454 404 378 385 412 438 440 458 441 378 360 382 409
