data/cz/cz_dem_500_32633_etrs89-utm33n.asc
ncols        1017
nrows        623
xllcorner    280447.848435610533
yllcorner    5355587.570977939293
cellsize     500.000000000000
NODATA_value -9999
[rows 328 to 368 of 623, columns 92 to 183 of 1017]
510 512 513 518 542 575 597 611 651 691 667 620 601 595 573 549 538 534 531 529 524 518 516 504 485 468 461 458 455 466 470 462 458 455 453 450 442 439 438 434 430 431 445 447 438 430 425 427 433 446 476 504 512 508 505 505 507 501 487 476 467 455 444 442 443 442 442 440 433 423 421 420 411 401 393 388 388 394 399 398 394 391 390 384 376 367 360 355 351 349 355 362
510 507 510 521 537 555 567 589 642 700 688 626 587 581 565 539 527 520 514 514 507 501 503 494 479 465 459 462 461 471 479 473 467 464 466 465 453 445 442 442 441 436 442 436 426 428 441 451 452 450 463 483 494 499 498 490 488 486 475 466 460 450 438 433 433 432 432 433 429 419 413 414 411 403 396 388 385 392 400 400 395 394 394 386 374 364 357 350 342 339 344 350
510 507 519 544 558 562 562 578 619 680 687 624 571 565 556 534 520 511 503 498 491 487 488 488 482 470 466 485 497 503 500 485 476 479 479 465 455 457 455 452 451 442 435 431 435 442 447 455 460 463 477 493 503 506 499 485 473 466 459 455 454 447 436 426 422 420 423 427 425 417 406 402 401 400 393 385 387 397 401 396 389 386 384 378 374 369 361 346 334 332 333 336
506 510 533 563 590 608 600 589 612 658 656 611 566 558 554 536 520 508 500 492 484 480 479 475 469 465 466 481 504 528 523 499 486 494 491 469 463 472 469 461 454 443 437 440 448 454 456 457 462 470 482 494 503 506 501 489 474 458 448 446 452 450 441 431 420 412 413 417 420 418 407 394 388 387 385 385 392 397 395 389 382 375 368 364 363 364 357 340 330 329 328 327
508 508 528 563 588 606 615 614 633 664 643 594 554 545 542 528 518 511 503 493 485 479 475 472 469 467 471 489 515 536 529 507 497 503 494 478 482 489 476 460 451 441 435 445 456 460 459 460 467 479 494 506 510 508 499 480 459 448 442 442 448 452 449 439 427 415 407 407 412 414 407 398 389 382 388 396 396 391 387 381 373 363 354 351 351 355 353 340 333 329 328 327
524 516 520 543 557 574 603 621 646 670 648 601 553 534 526 515 507 502 495 486 481 477 475 471 468 466 471 488 508 523 531 523 511 514 508 492 495 491 481 484 481 467 449 445 450 450 451 457 467 481 499 509 511 505 490 469 447 439 437 440 441 440 437 433 429 421 409 398 399 406 409 408 400 386 383 387 384 377 375 371 362 350 341 339 341 343 343 342 338 332 330 332
529 532 529 533 537 558 586 596 622 650 629 591 547 526 518 511 507 500 490 485 484 481 479 476 472 472 480 493 503 516 535 541 527 524 523 509 497 495 512 523 498 469 448 438 440 442 447 456 470 487 502 508 504 493 479 461 442 434 432 428 423 423 422 423 424 422 415 403 392 393 400 404 402 390 373 362 356 356 359 356 349 343 342 345 347 348 350 350 347 343 342 342
521 537 538 528 526 545 561 575 605 615 592 566 531 510 511 513 512 506 496 491 490 487 484 481 476 480 495 518 526 527 546 557 546 547 549 537 520 517 512 492 470 453 440 435 437 442 450 465 481 498 510 511 506 497 483 468 450 439 435 431 424 415 407 408 411 412 406 399 389 386 389 392 388 380 367 359 355 353 355 349 345 348 350 352 357 360 365 368 364 360 359 356
520 530 533 521 519 534 546 569 604 607 573 537 507 501 508 511 514 512 502 496 492 489 486 483 485 497 514 534 550 552 560 560 555 555 553 543 544 534 496 472 460 449 442 437 439 444 451 464 483 501 511 508 499 489 483 478 467 458 453 446 434 424 418 411 402 398 399 398 394 386 381 380 374 362 357 372 377 369 366 363 359 360 360 357 365 382 396 399 391 382 380 372
532 520 516 513 515 523 537 568 615 645 610 547 510 499 499 503 512 512 505 501 498 493 488 490 504 523 532 534 544 549 557 556 542 532 523 517 527 524 498 483 480 466 453 445 445 450 455 464 479 501 516 510 492 478 471 468 463 456 449 441 443 444 436 426 414 410 418 420 413 402 398 397 385 366 366 385 391 383 376 375 371 367 361 363 373 386 398 409 416 403 385 372
519 509 508 510 512 519 536 570 623 667 630 569 533 498 484 493 508 517 520 520 520 512 503 509 521 529 523 520 531 534 540 550 542 523 504 504 526 532 510 497 499 488 468 463 460 457 462 475 482 493 508 511 500 486 472 459 451 446 441 438 448 456 445 430 426 432 440 438 425 413 405 395 376 361 371 388 394 391 388 387 380 367 363 375 390 400 407 418 433 413 383 367
503 506 516 524 522 526 546 578 615 639 615 588 559 504 470 478 495 513 524 524 528 525 524 534 528 514 510 513 521 522 528 539 555 543 506 496 514 532 529 516 505 493 485 490 481 468 472 490 494 491 496 501 500 492 482 473 465 462 459 455 458 465 457 449 450 448 444 436 427 417 404 387 371 361 370 386 393 395 397 393 382 368 363 381 407 427 435 437 437 412 383 369
505 513 529 539 536 535 551 575 591 606 605 603 571 510 471 466 477 494 509 509 511 520 548 571 552 514 502 508 510 507 513 524 553 543 499 485 504 531 529 510 500 490 479 480 471 464 473 491 500 493 485 482 481 483 485 485 481 479 478 475 474 477 472 461 454 444 432 425 417 409 400 379 364 365 379 400 413 409 404 396 383 372 367 379 401 422 432 435 437 418 393 383
506 511 523 538 549 549 554 566 567 572 572 572 547 506 476 460 462 479 490 489 489 513 570 603 573 517 489 494 501 497 497 508 527 512 481 478 497 510 503 482 467 460 455 452 451 456 469 489 499 493 483 474 467 469 473 474 473 470 470 469 466 466 463 449 436 429 421 413 407 399 386 365 359 375 396 429 452 436 415 401 384 370 365 369 379 390 402 418 432 422 404 394
512 514 518 534 567 576 565 560 545 539 542 534 513 487 471 459 452 456 461 467 472 501 547 568 547 503 479 485 499 496 485 494 501 481 464 471 487 495 496 486 468 455 447 443 442 450 463 481 491 487 476 468 461 457 457 458 459 457 455 456 455 452 452 446 432 417 407 401 396 391 377 359 356 370 392 426 453 445 422 407 389 373 368 374 382 389 399 410 416 410 401 396
522 535 538 544 578 590 565 550 537 523 524 515 496 477 461 460 459 457 456 452 457 482 506 520 512 483 467 472 485 487 481 489 482 464 461 475 488 487 489 487 472 455 444 438 436 440 456 480 496 498 490 484 477 465 451 441 441 443 443 444 444 442 441 443 434 417 407 398 387 379 367 356 361 375 392 411 426 431 422 404 387 377 371 383 402 414 418 412 406 398 389 384
526 551 570 567 580 577 546 531 524 503 494 486 472 463 459 475 485 486 483 471 460 467 485 506 493 462 457 467 472 468 478 487 469 453 458 475 480 477 483 485 472 454 442 436 432 437 456 477 490 498 499 493 481 468 454 441 432 429 429 429 429 429 428 430 421 405 396 389 382 375 364 358 372 392 412 430 436 428 413 398 391 386 379 386 407 418 421 418 409 397 391 393
527 553 586 589 577 572 557 527 503 482 469 467 474 477 478 494 502 495 488 481 462 452 457 465 456 447 459 465 452 445 464 466 449 442 451 469 468 473 490 493 478 459 445 436 431 435 453 469 479 486 493 497 497 489 477 468 455 441 430 422 415 411 410 414 409 398 392 385 376 369 362 366 395 423 442 459 460 446 427 409 399 388 378 383 399 405 408 413 409 403 408 414
540 561 594 598 585 601 599 552 505 483 477 485 517 535 523 511 517 510 485 467 458 460 478 468 439 435 453 458 442 431 432 430 433 442 445 453 455 464 482 490 488 474 454 439 433 435 450 465 474 481 489 493 497 501 497 487 475 463 455 449 437 418 404 403 402 409 410 398 383 371 362 373 410 445 457 459 464 466 453 428 413 398 381 376 381 389 395 402 412 424 435 432
577 598 608 600 606 634 614 548 502 508 517 524 553 575 554 530 534 530 516 499 488 496 520 495 448 427 431 437 430 432 430 419 433 445 438 432 437 451 465 473 471 461 450 440 431 430 442 457 467 478 488 487 491 498 494 483 472 461 458 457 447 430 414 403 404 418 418 400 382 368 366 373 393 417 428 439 459 468 453 434 425 408 389 377 375 383 399 413 424 435 438 425
620 651 638 617 633 646 603 540 503 518 548 573 583 576 550 543 568 588 575 543 523 514 512 488 454 434 428 429 435 445 434 421 429 425 418 419 426 441 452 455 447 438 432 428 423 423 436 448 458 476 488 481 481 485 479 467 459 451 445 448 448 442 433 425 420 423 417 399 378 368 378 384 381 392 412 436 462 468 454 440 434 420 400 386 379 389 414 438 442 444 434 414
667 700 686 664 684 681 632 579 526 519 570 626 624 581 547 556 596 620 589 547 525 505 492 479 463 447 447 461 466 450 425 417 419 414 405 406 417 436 448 446 436 430 426 420 416 417 429 442 455 471 477 468 467 475 468 455 451 446 438 439 440 434 428 423 424 422 410 391 371 368 385 392 392 408 433 449 466 475 467 458 450 429 406 390 382 391 415 435 437 439 438 426
716 755 751 724 742 736 678 608 539 529 590 645 626 572 556 582 610 596 559 525 504 495 488 474 457 453 471 492 480 446 424 424 433 430 412 403 421 444 448 445 438 432 432 428 420 414 422 442 457 465 465 455 450 461 462 449 441 440 434 429 426 419 411 407 408 409 402 384 366 373 393 397 407 432 460 471 474 475 471 468 458 436 412 395 384 383 398 423 428 431 447 445
761 785 784 759 771 750 671 592 539 527 568 610 592 565 580 605 598 560 526 507 493 487 483 476 464 457 475 483 463 439 434 451 453 432 411 403 418 435 434 428 422 420 423 425 421 413 416 437 455 461 457 443 434 443 450 441 430 429 430 422 416 412 405 396 392 392 385 372 363 375 392 397 407 433 450 456 460 462 465 462 450 436 421 406 394 386 392 408 410 417 433 444
765 766 770 765 774 735 653 606 573 535 551 586 577 577 611 619 583 541 512 496 486 482 476 466 459 460 470 468 450 443 463 472 449 427 414 403 404 413 413 410 408 410 415 418 418 413 409 421 435 449 453 439 425 433 442 434 422 422 426 420 410 401 394 387 380 376 370 362 363 381 397 400 410 428 444 448 450 457 462 456 444 431 418 406 398 392 387 387 392 402 414 430
739 739 752 763 771 742 686 656 606 547 542 572 577 592 622 615 579 543 518 502 491 487 478 469 464 467 472 457 443 462 490 487 464 445 424 406 398 402 406 402 398 401 404 407 406 403 402 405 427 450 452 438 422 421 430 433 426 415 415 418 413 405 399 393 382 369 362 362 371 393 409 410 424 446 458 462 460 459 454 449 443 431 417 404 396 394 396 399 396 395 404 421
716 720 735 764 791 786 733 673 619 562 543 565 579 601 623 602 564 536 519 509 513 514 503 491 477 466 461 450 450 476 489 479 466 448 427 410 400 395 395 393 391 392 394 394 392 391 393 399 421 441 441 438 425 408 406 412 412 406 400 399 397 389 384 380 370 361 361 374 391 410 420 414 424 447 461 460 456 450 438 428 424 416 406 400 409 418 424 423 413 400 398 409
712 722 748 785 815 801 738 691 658 589 541 550 568 587 610 603 578 563 550 541 538 529 519 505 482 464 455 447 447 460 465 462 452 433 418 410 405 397 391 389 387 388 390 387 384 385 389 393 409 423 418 416 409 395 385 383 389 390 382 377 376 371 366 364 363 363 372 392 408 421 424 416 421 438 448 448 450 451 441 428 416 407 401 420 445 449 445 428 409 401 406 408
-9999 -9999 789 809 -9999 779 752 738 690 600 541 540 554 577 617 636 622 605 592 574 547 522 506 496 484 473 462 454 455 463 466 459 446 431 420 417 415 406 398 392 387 385 386 386 382 381 383 386 396 403 391 383 379 376 377 373 372 371 368 368 371 373 369 366 364 368 385 406 415 417 419 414 416 428 439 448 459 463 453 440 429 414 412 445 467 463 451 433 419 411 420 428
-9999 -9999 -9999 -9999 -9999 -9999 758 736 667 585 538 535 553 586 640 673 659 635 617 589 552 518 497 485 474 465 459 457 465 466 456 445 437 429 426 427 423 412 404 399 396 392 388 385 381 378 377 378 380 380 382 386 383 389 401 394 378 372 373 381 397 402 391 380 369 378 400 415 420 427 428 418 415 427 442 453 462 466 463 454 436 413 421 445 448 441 442 443 435 418 422 441
-9999 -9999 -9999 -9999 -9999 -9999 739 709 631 566 536 534 564 617 675 697 678 655 630 593 555 522 505 496 480 468 472 475 467 456 445 437 430 425 424 427 423 413 405 402 402 401 398 393 384 378 377 380 384 385 395 415 413 409 423 421 401 396 401 411 424 423 413 395 374 379 401 418 430 437 433 422 417 420 431 440 449 459 463 456 437 413 413 423 423 425 439 450 441 423 418 434
-9999 -9999 -9999 -9999 -9999 667 676 662 605 555 535 545 590 661 704 690 658 642 627 595 558 529 517 504 490 480 477 468 454 447 442 433 425 421 421 423 422 416 409 407 409 405 398 390 384 386 394 404 409 405 407 430 436 436 442 437 422 423 431 434 429 415 405 389 374 380 394 411 427 434 435 430 422 418 422 429 437 444 445 437 423 412 409 408 408 417 433 446 446 434 420 423
-9999 -9999 -9999 -9999 -9999 622 632 623 582 549 539 555 606 682 703 663 624 609 605 592 564 542 528 515 508 490 466 448 440 436 430 424 417 414 415 414 411 411 412 410 405 396 390 386 388 404 414 416 415 409 412 434 452 456 451 445 442 437 436 433 419 399 385 374 373 384 399 417 430 434 437 432 424 419 419 424 431 436 441 438 425 424 438 439 420 410 422 447 459 448 428 420
-9999 -9999 -9999 -9999 -9999 598 611 606 575 549 543 563 615 686 705 658 608 584 580 568 550 541 533 522 504 477 453 441 435 428 422 418 417 417 410 401 399 401 403 401 396 396 398 397 404 419 427 428 429 421 424 440 447 441 433 428 430 425 414 410 402 385 374 372 378 400 418 426 432 435 440 443 437 427 423 426 430 433 440 441 432 425 439 455 443 421 422 439 447 440 428 432
-9999 -9999 -9999 -9999 -9999 581 591 588 567 550 549 571 616 683 714 672 617 585 565 546 529 518 506 498 488 470 459 454 446 438 433 434 433 427 413 408 406 399 394 392 398 407 409 406 411 418 421 429 437 432 431 436 436 427 418 409 409 408 397 388 380 378 386 388 387 400 413 423 433 436 439 443 442 435 430 431 437 438 437 435 430 428 439 453 452 432 419 431 447 444 434 443
-9999 -9999 -9999 -9999 -9999 573 586 593 576 558 564 581 611 661 705 693 655 624 602 573 544 516 493 481 479 488 491 474 456 453 450 440 428 416 408 418 426 418 406 402 407 411 410 406 409 412 416 423 432 443 444 444 438 422 407 395 388 385 380 377 376 386 408 412 399 393 398 414 428 434 437 440 442 442 437 439 449 448 448 452 444 437 439 438 438 430 421 437 451 445 437 447
-9999 -9999 -9999 -9999 -9999 563 580 600 593 574 581 598 621 658 706 732 725 696 660 616 579 543 510 502 514 533 522 487 466 457 449 439 427 416 414 430 435 425 416 414 414 414 411 410 416 425 433 436 441 459 462 458 450 433 409 391 388 392 392 393 391 392 409 420 410 398 397 405 418 436 449 456 458 449 441 456 470 467 472 473 450 433 435 433 423 417 427 449 456 449 443 453
-9999 -9999 -9999 -9999 -9999 560 578 612 620 601 585 588 615 658 713 774 798 756 684 623 588 560 532 534 560 568 541 495 464 452 442 432 423 417 411 417 426 425 421 420 420 427 430 425 425 434 445 449 462 479 476 466 448 427 407 393 401 421 428 421 407 401 415 425 423 417 415 411 413 430 451 470 476 459 447 467 495 502 502 486 453 446 449 441 425 420 437 459 462 456 450 459
-9999 -9999 -9999 -9999 -9999 558 574 615 637 617 584 578 606 653 718 777 779 731 662 607 578 562 553 566 592 590 549 499 464 447 437 430 426 423 415 418 428 431 429 423 425 434 440 442 444 448 452 460 478 489 485 473 445 416 396 389 403 427 441 428 407 398 405 417 425 430 439 434 423 433 445 458 470 465 455 462 485 512 525 509 462 447 453 446 439 441 454 467 467 462 458 473
-9999 -9999 -9999 -9999 560 569 599 637 644 613 578 566 589 642 718 759 736 690 648 618 601 596 602 612 614 598 556 508 470 448 439 442 438 422 414 431 442 435 428 425 426 437 451 464 466 463 463 477 495 498 488 464 438 418 401 391 404 434 451 440 421 407 400 404 414 430 447 445 427 423 432 447 459 463 465 482 506 503 498 492 455 444 461 466 464 468 475 476 471 467 471 486
-9999 -9999 -9999 -9999 563 584 630 666 664 631 594 563 573 627 702 765 764 728 689 651 631 640 656 652 627 600 569 533 490 459 448 448 438 419 412 420 429 435 440 437 430 430 440 454 464 469 472 482 491 482 465 445 428 417 404 400 422 450 462 452 431 415 408 406 418 435 444 449 438 427 434 451 469 478 483 513 534 507 469 452 442 444 464 483 492 495 498 489 478 480 495 515
