data/cz/cz_dem_500_32633_etrs89-utm33n.asc
ncols        1017
nrows        623
xllcorner    280447.848435610533
yllcorner    5355587.570977939293
cellsize     500.000000000000
NODATA_value -9999
[rows 246 to 286 of 623, columns 368 to 459 of 1017]
256 258 255 252 265 284 291 289 284 281 279 275 272 272 277 281 281 280 288 299 299 298 302 303 297 296 301 302 303 305 308 310 310 320 332 341 344 345 347 338 319 299 280 264 274 291 289 274 261 269 274 268 263 256 260 266 261 255 258 264 267 270 270 265 258 253 251 248 244 244 247 242 229 220 217 218 219 221 228 240 249 251 248 245 243 238 231 226 226 233 235 223
278 276 274 267 264 277 290 293 289 284 282 282 279 274 275 279 283 284 288 298 304 307 311 312 308 303 304 308 307 311 319 323 325 335 350 363 365 355 345 331 305 284 273 270 292 306 300 278 273 287 289 281 270 264 271 272 265 261 266 271 276 280 277 268 260 255 254 255 255 252 246 236 228 223 221 224 226 225 224 229 242 253 254 249 241 237 238 239 239 240 238 225
290 293 291 283 273 264 265 277 284 281 282 284 283 279 282 288 291 292 291 296 306 315 320 322 321 314 308 308 313 318 328 338 341 352 367 376 374 360 345 328 305 290 281 275 295 307 290 274 289 305 301 288 275 279 286 278 275 273 275 281 289 295 291 277 264 258 257 256 256 249 236 232 235 238 235 237 239 236 234 235 246 257 258 254 248 247 249 249 246 243 238 228
301 305 304 300 290 276 264 267 273 276 282 287 288 286 291 297 299 301 301 301 306 316 323 325 325 323 320 314 316 326 339 357 364 364 375 385 383 371 354 335 315 297 287 284 293 291 276 289 307 303 289 280 289 298 294 282 288 287 288 297 306 315 312 292 270 260 256 254 251 242 239 246 251 255 247 244 248 247 249 249 249 255 260 258 257 260 265 267 269 270 258 242
308 310 306 296 285 276 271 266 267 275 284 292 294 292 292 300 308 311 311 313 311 313 321 328 331 332 331 324 328 342 353 369 379 375 377 387 389 381 366 349 326 301 299 298 279 265 278 300 302 293 292 288 300 306 291 281 291 292 290 302 318 336 336 306 275 260 253 248 239 237 248 255 256 257 248 247 251 253 255 257 259 262 267 270 271 275 286 293 297 294 278 263
312 307 299 291 283 279 276 273 275 277 278 283 291 295 295 301 311 318 320 321 319 320 330 338 342 343 341 334 340 358 368 374 384 389 390 392 392 384 370 359 349 333 318 294 271 279 297 307 306 306 309 298 306 309 289 285 299 298 293 300 319 345 349 314 280 266 261 254 241 243 255 259 258 257 250 250 259 260 258 258 262 274 289 300 301 303 312 316 315 310 300 287
303 300 296 293 288 282 276 278 285 288 286 283 284 291 296 301 311 321 326 327 325 325 333 343 350 352 351 343 350 369 381 385 393 402 406 404 397 386 375 371 366 356 332 296 276 296 324 333 332 331 322 304 313 313 298 290 295 301 305 312 326 346 350 318 283 267 259 250 241 248 257 258 257 256 254 255 269 273 264 259 264 286 308 317 311 314 324 325 320 314 307 300
291 293 295 296 292 284 277 280 287 291 291 290 288 289 294 299 305 316 326 332 334 334 339 347 355 361 361 353 362 382 391 395 402 409 414 414 404 393 385 378 367 353 331 309 292 296 321 343 348 343 322 310 321 323 316 303 301 312 319 321 329 345 343 313 283 267 258 249 240 241 249 253 254 256 257 256 267 274 267 261 264 278 290 293 292 302 318 320 315 310 305 298
288 293 297 298 294 286 280 283 289 292 295 296 294 293 292 297 304 310 318 327 338 343 342 346 356 366 370 366 370 386 397 402 408 412 418 418 407 394 385 378 367 353 344 334 317 309 322 346 350 335 313 314 336 341 330 314 319 334 338 332 333 345 339 308 282 269 264 258 248 240 244 252 254 257 260 261 258 260 264 264 266 268 271 276 286 301 315 318 316 313 307 297
293 297 302 303 299 292 286 292 298 300 302 302 300 299 298 301 308 310 311 315 332 347 351 351 358 373 382 382 382 387 394 403 412 418 426 428 413 398 392 385 375 364 354 344 340 343 351 359 350 333 318 320 343 353 338 320 325 341 347 338 334 342 335 309 289 279 270 261 251 247 251 256 257 258 262 267 264 265 269 273 283 286 279 279 296 314 321 320 319 315 311 304
297 302 306 307 303 298 293 296 303 308 312 313 310 306 303 307 314 318 321 320 324 338 354 363 366 373 384 394 403 406 406 408 414 422 429 431 421 409 403 394 383 376 367 360 358 363 371 375 367 347 336 334 349 364 360 341 326 329 343 342 340 346 338 313 294 282 273 265 260 265 263 259 260 261 267 273 269 274 282 285 299 311 308 301 309 321 321 315 312 309 308 305
305 310 314 314 314 312 307 303 309 317 323 326 323 317 311 311 319 326 330 329 325 329 342 362 377 382 383 393 411 420 419 417 419 424 430 433 427 418 414 407 396 385 376 373 370 370 375 386 381 364 364 361 358 371 375 358 346 348 355 355 353 361 347 316 292 280 272 271 268 268 267 263 265 268 274 275 273 285 295 295 302 314 326 320 312 314 316 313 307 303 299 297
313 318 323 323 322 320 315 309 315 324 330 334 332 325 321 318 325 336 341 342 337 335 344 356 375 391 398 403 414 423 427 427 425 425 427 429 426 421 420 419 413 400 390 386 383 383 387 394 398 394 394 386 369 376 385 369 366 379 382 373 368 372 354 322 296 280 273 280 277 266 262 260 265 275 279 275 279 293 302 303 304 309 316 320 315 314 320 325 318 308 301 298
320 325 329 328 325 321 320 322 325 327 327 332 335 334 332 329 328 338 348 354 350 342 343 355 374 392 407 414 417 422 428 433 432 428 425 422 420 417 417 425 426 416 403 399 399 400 401 404 410 415 414 406 388 386 394 381 372 387 398 394 389 388 369 333 306 290 282 285 283 274 270 266 270 281 280 275 280 289 293 298 303 306 307 307 309 314 320 327 329 325 321 316
326 331 333 331 328 326 334 341 341 339 333 333 339 343 344 343 339 336 341 356 362 354 351 363 387 413 428 430 427 429 435 441 440 436 433 430 427 422 415 418 419 420 418 417 418 418 416 412 412 417 422 420 409 401 402 398 386 387 394 396 394 391 373 341 313 294 291 293 288 282 279 272 272 281 281 281 287 295 296 293 296 299 301 307 316 322 323 326 331 333 333 327
336 338 339 337 332 328 336 346 349 346 345 349 353 357 362 362 358 348 341 351 364 361 359 371 396 427 447 449 442 441 446 450 451 452 452 448 444 437 422 412 413 425 433 428 423 423 422 413 404 404 414 420 417 409 399 398 400 393 386 384 385 381 367 342 319 303 302 303 297 293 291 285 279 285 285 290 303 315 320 310 302 303 311 320 332 335 334 337 337 333 332 328
344 345 348 345 338 333 340 346 348 349 350 355 360 366 375 380 375 363 349 349 363 370 370 381 399 423 447 457 456 454 457 461 462 465 465 463 459 449 434 433 424 413 420 420 417 421 421 411 398 395 405 408 406 408 400 386 386 387 379 377 382 376 362 342 320 313 316 318 317 314 311 306 293 292 293 295 307 320 325 322 320 320 322 328 333 335 334 334 334 331 327 323
347 352 357 352 343 342 346 347 349 353 358 363 364 369 376 381 382 375 363 355 363 375 380 388 402 419 438 455 466 465 463 470 475 478 479 477 473 463 458 460 445 417 406 403 408 418 417 405 392 391 400 401 392 392 394 384 373 372 372 379 390 392 383 359 335 327 329 330 329 328 325 318 302 298 301 300 303 313 318 323 329 329 329 328 326 326 328 331 332 329 325 319
350 354 356 354 352 357 363 363 358 359 367 377 378 379 384 387 387 378 373 367 366 381 395 401 410 420 441 465 468 460 463 473 482 488 491 489 482 481 483 477 461 437 417 403 403 409 409 397 384 392 405 401 391 381 378 372 365 368 378 392 403 403 392 369 345 334 329 324 321 322 319 309 296 291 296 305 315 319 315 317 323 324 322 321 322 325 330 333 333 328 323 325
353 354 355 363 369 367 375 381 374 371 377 388 392 393 398 404 402 391 387 380 376 387 403 414 420 421 431 450 451 459 473 483 490 494 496 495 489 489 491 487 477 473 458 422 395 391 396 386 377 389 400 395 385 379 368 362 368 382 397 411 420 416 406 383 356 337 328 324 317 310 306 300 302 304 304 310 323 332 330 321 317 316 317 322 326 331 337 343 343 335 333 339
353 351 355 368 380 379 378 386 390 390 393 404 413 411 415 422 419 408 400 397 393 395 404 417 426 422 416 419 429 451 466 474 479 484 489 489 484 478 474 478 485 489 478 445 393 367 373 371 381 402 404 394 387 376 363 367 386 405 417 428 433 423 405 379 358 346 342 342 333 315 311 320 324 326 324 327 334 340 341 335 328 325 325 327 330 337 346 355 355 349 349 352
349 349 358 374 391 395 388 390 398 405 413 427 434 430 433 440 436 423 415 416 416 417 416 420 426 423 411 400 411 422 422 431 449 467 479 485 484 476 465 467 476 483 482 455 398 358 352 362 385 408 415 411 403 384 368 379 400 417 429 440 436 423 404 381 364 358 357 357 348 330 336 350 351 352 349 351 355 352 345 339 332 332 337 337 338 343 350 356 358 361 366 367
349 349 360 379 401 411 405 409 412 409 418 438 448 447 450 457 454 440 430 431 435 440 439 435 431 427 414 395 399 403 401 415 440 458 469 477 485 489 477 463 452 454 455 428 386 359 351 373 394 398 408 410 401 382 369 383 402 406 417 432 432 419 400 376 359 354 356 357 348 334 347 365 372 375 370 369 370 362 351 344 337 333 339 345 346 352 359 362 363 363 367 374
345 344 360 381 403 418 418 419 426 426 428 442 459 470 472 477 476 463 449 446 452 456 454 450 450 450 439 412 387 389 404 417 432 447 464 474 479 489 495 487 451 429 430 417 391 368 355 364 372 377 396 411 406 384 363 371 385 392 415 433 432 421 397 372 356 345 342 340 332 329 345 362 375 388 391 389 386 375 362 352 343 338 344 353 353 356 365 369 368 365 363 369
335 341 363 384 403 421 428 429 436 444 444 448 460 474 478 481 484 480 470 462 461 456 447 443 443 442 441 422 383 374 391 402 408 426 452 468 468 465 467 463 443 417 418 416 392 366 349 350 366 383 401 419 420 397 366 356 371 398 423 436 433 419 394 370 358 356 356 355 348 339 350 365 376 387 397 401 398 384 368 357 349 349 354 359 359 359 366 371 371 368 366 369
334 350 358 370 385 401 424 440 451 457 455 455 461 470 472 467 467 472 466 461 466 461 449 434 423 418 414 412 391 367 376 390 408 431 453 472 473 462 448 441 434 415 407 408 392 369 349 345 372 395 399 408 411 394 368 353 371 404 427 435 430 415 391 372 369 377 378 372 366 348 351 373 385 389 394 400 401 392 378 364 356 365 374 374 368 366 370 374 377 376 374 375
362 386 382 384 404 415 433 452 463 468 460 452 451 454 453 449 440 437 438 449 468 473 460 443 433 433 427 407 398 377 359 375 411 427 436 448 454 453 445 452 457 439 407 385 376 362 345 347 375 393 388 389 402 404 384 359 362 399 434 440 429 410 394 384 382 385 379 369 366 352 343 361 381 386 392 401 403 394 381 370 363 375 388 387 379 377 381 385 391 396 393 387
391 401 401 405 424 435 438 449 461 466 458 444 437 440 439 438 430 417 413 429 447 459 456 446 444 445 431 406 400 391 360 359 388 404 418 437 445 449 456 475 487 477 439 389 360 347 338 358 390 394 378 370 383 398 393 368 360 400 436 437 428 410 393 385 386 391 382 367 355 345 346 353 367 382 391 401 404 394 381 371 367 375 387 395 396 395 397 400 408 421 425 415
416 418 415 422 433 440 440 441 442 442 439 427 417 417 420 427 426 415 404 410 430 448 450 447 444 441 432 408 389 386 363 355 377 390 399 423 442 454 473 499 512 500 459 401 360 338 335 363 392 390 369 365 384 398 391 373 357 386 415 416 406 391 384 380 386 389 373 361 350 350 365 366 366 374 380 392 400 397 386 377 376 382 393 405 415 418 421 423 426 433 443 436
433 434 431 426 417 418 424 423 422 423 425 420 407 401 405 414 416 407 396 396 413 435 441 434 424 417 414 396 373 371 359 347 369 383 392 406 421 445 477 504 510 494 456 403 364 340 333 361 390 381 365 375 398 414 421 411 373 358 369 381 380 373 377 378 379 373 356 347 346 361 382 386 377 383 390 391 390 389 387 386 389 397 408 418 427 435 441 446 448 450 452 446
415 419 416 408 403 410 419 417 408 404 411 416 408 399 404 411 412 403 393 401 414 430 440 437 429 413 404 399 376 358 351 341 351 367 382 392 413 440 468 496 495 471 449 409 368 340 329 354 376 363 371 400 418 423 433 429 381 338 333 344 352 363 373 370 364 356 352 356 360 372 393 403 396 394 403 403 394 387 386 391 399 404 410 417 424 434 444 452 456 457 455 447
401 405 395 393 406 420 422 412 401 392 393 396 394 399 411 410 403 397 396 412 415 412 417 432 444 429 402 387 373 358 350 339 342 356 367 385 410 433 458 481 476 447 435 412 370 341 325 336 354 350 371 395 417 423 417 412 373 337 333 336 343 356 362 362 363 362 363 370 376 380 395 409 405 399 403 406 400 393 389 392 400 407 415 425 427 427 432 438 442 446 451 449
386 383 392 410 419 425 426 414 401 390 382 381 386 403 417 411 392 381 392 424 428 400 387 413 430 425 411 396 391 389 374 344 338 350 364 397 428 436 441 453 455 440 416 404 391 370 343 326 334 335 346 378 421 430 401 383 358 343 360 359 350 352 359 369 378 382 375 376 387 391 397 408 410 407 407 406 400 395 396 396 406 419 420 424 431 433 434 437 441 446 455 455
372 381 403 422 435 443 442 431 417 402 384 382 400 422 432 424 405 381 381 411 425 401 373 385 407 409 402 397 401 398 378 346 327 339 369 401 421 422 420 427 439 441 414 391 392 396 383 348 324 316 320 370 426 429 398 356 339 371 404 388 371 369 373 378 385 391 385 383 394 402 402 404 408 407 403 400 396 395 398 400 412 426 427 425 430 440 444 448 451 452 458 459
367 380 407 429 445 456 458 453 438 415 389 388 411 438 455 449 422 390 371 388 406 394 368 379 405 401 387 381 387 388 375 353 325 339 373 390 405 411 403 406 417 414 400 381 370 381 396 376 344 329 317 344 386 396 367 346 379 425 428 401 386 383 387 392 394 396 391 387 393 402 408 411 414 412 405 400 397 396 399 402 407 417 428 432 434 446 455 459 458 457 458 458
359 375 412 443 457 465 470 466 449 422 393 394 413 446 469 452 413 396 377 375 386 374 359 375 393 385 373 364 363 367 361 341 329 344 355 369 400 410 396 391 401 396 384 382 365 352 351 340 332 333 324 330 347 355 339 353 397 426 422 403 394 395 400 405 407 405 400 393 396 407 417 424 427 424 414 405 402 403 407 409 409 411 426 440 441 448 460 467 465 463 464 460
339 364 403 449 472 477 479 476 464 432 387 375 385 431 465 438 395 398 393 363 359 352 350 378 393 381 367 358 349 352 358 334 313 311 317 347 390 408 399 380 377 383 373 371 351 318 306 308 313 310 311 330 328 318 333 372 381 369 369 376 382 391 401 408 413 416 411 405 406 415 423 428 432 431 422 412 409 408 412 418 418 414 423 442 450 452 464 474 471 469 469 464
317 350 398 441 463 470 476 483 479 447 392 354 357 394 424 412 381 388 394 364 337 330 342 371 382 371 359 355 343 343 350 325 297 304 307 314 344 373 376 359 354 357 352 349 327 327 335 348 364 354 318 301 305 312 339 353 324 299 305 333 357 372 383 394 409 421 422 418 416 419 425 429 431 428 422 419 416 412 415 422 423 423 428 442 455 458 468 480 479 476 476 470
306 337 373 400 425 443 454 455 442 426 391 343 336 367 384 379 362 361 359 343 321 315 333 348 356 360 356 346 332 324 318 301 306 346 347 313 306 322 326 321 324 322 322 318 321 351 356 366 387 379 353 323 317 324 320 311 300 298 299 309 333 350 357 377 404 420 423 420 418 421 432 439 438 433 429 425 419 416 420 426 429 436 440 441 449 459 473 487 489 485 482 475
291 316 340 362 397 420 420 391 379 389 375 337 320 333 352 358 350 349 347 338 323 308 314 322 331 348 351 345 333 316 299 292 323 365 369 341 313 308 307 302 301 302 302 304 327 356 366 368 378 390 405 396 384 370 330 302 313 322 312 330 378 397 379 371 390 407 411 414 423 432 442 454 455 450 441 431 425 425 429 433 438 446 460 460 454 460 476 494 502 499 491 482
273 296 313 329 350 364 366 350 351 357 347 327 329 349 368 367 341 331 333 329 318 300 296 311 334 355 346 323 309 295 293 321 362 387 387 364 350 357 357 339 339 349 348 339 355 380 390 392 394 399 413 422 414 399 375 346 355 354 325 324 360 393 405 392 380 394 415 428 438 446 452 458 462 462 452 440 437 439 441 442 449 462 480 488 475 470 490 515 523 516 501 487
