data/cz/cz_dem_500_32633_etrs89-utm33n.asc
ncols        1017
nrows        623
xllcorner    280447.848435610533
yllcorner    5355587.570977939293
cellsize     500.000000000000
NODATA_value -9999
[rows 164 to 204 of 623, columns 736 to 827 of 1017]
251 250 248 -9999 -9999 -9999 -9999 -9999 -9999 -9999 -9999 -9999 -9999 -9999 -9999 -9999 -9999 -9999 -9999 -9999 -9999 -9999 -9999 -9999 -9999 -9999 -9999 -9999 -9999 -9999 -9999 -9999 -9999 -9999 -9999 -9999 -9999 -9999 -9999 -9999 -9999 -9999 -9999 -9999 -9999 -9999 -9999 -9999 -9999 -9999 -9999 -9999 -9999 -9999 -9999 -9999 -9999 -9999 -9999 -9999 -9999 -9999 -9999 -9999 -9999 -9999 -9999 -9999 -9999 -9999 -9999 -9999 -9999 -9999 -9999 -9999 -9999 -9999 -9999 -9999 -9999 -9999 -9999 -9999 -9999 -9999 -9999 -9999 -9999 -9999 -9999 -9999
255 255 253 250 246 -9999 -9999 -9999 -9999 -9999 -9999 -9999 -9999 -9999 -9999 -9999 -9999 -9999 -9999 -9999 -9999 -9999 -9999 -9999 -9999 -9999 -9999 -9999 -9999 -9999 -9999 -9999 -9999 -9999 -9999 -9999 -9999 -9999 -9999 -9999 -9999 -9999 -9999 -9999 -9999 -9999 -9999 -9999 -9999 -9999 -9999 -9999 -9999 -9999 -9999 -9999 -9999 -9999 -9999 -9999 -9999 -9999 -9999 -9999 -9999 -9999 -9999 -9999 -9999 -9999 -9999 -9999 -9999 -9999 -9999 -9999 -9999 -9999 -9999 -9999 -9999 -9999 -9999 -9999 -9999 -9999 -9999 -9999 -9999 -9999 -9999 -9999
260 260 257 251 248 257 -9999 -9999 -9999 -9999 -9999 -9999 -9999 226 224 224 -9999 -9999 -9999 -9999 -9999 -9999 -9999 -9999 -9999 -9999 -9999 -9999 -9999 -9999 -9999 -9999 -9999 -9999 -9999 -9999 -9999 -9999 -9999 -9999 -9999 -9999 -9999 -9999 -9999 -9999 -9999 -9999 -9999 -9999 -9999 -9999 -9999 -9999 -9999 -9999 -9999 -9999 -9999 -9999 -9999 -9999 -9999 -9999 -9999 -9999 -9999 -9999 -9999 -9999 -9999 -9999 -9999 -9999 -9999 -9999 -9999 -9999 -9999 -9999 -9999 -9999 -9999 -9999 -9999 -9999 -9999 -9999 -9999 -9999 -9999 -9999
268 267 261 255 258 271 270 -9999 -9999 -9999 240 237 233 229 226 226 -9999 -9999 -9999 -9999 -9999 -9999 -9999 -9999 -9999 -9999 -9999 -9999 -9999 -9999 -9999 -9999 -9999 -9999 -9999 -9999 -9999 -9999 -9999 -9999 -9999 -9999 -9999 -9999 -9999 -9999 -9999 -9999 -9999 -9999 -9999 -9999 -9999 -9999 -9999 -9999 -9999 -9999 -9999 -9999 -9999 -9999 -9999 -9999 -9999 -9999 -9999 -9999 -9999 -9999 -9999 -9999 -9999 -9999 -9999 -9999 -9999 -9999 -9999 -9999 -9999 -9999 -9999 -9999 -9999 -9999 -9999 -9999 -9999 -9999 -9999 -9999
282 279 268 263 268 276 267 255 250 247 243 239 235 231 229 228 -9999 -9999 -9999 -9999 -9999 -9999 -9999 -9999 -9999 -9999 -9999 -9999 -9999 -9999 -9999 -9999 -9999 -9999 -9999 -9999 -9999 -9999 -9999 -9999 -9999 -9999 -9999 -9999 -9999 -9999 -9999 -9999 -9999 -9999 -9999 -9999 -9999 -9999 -9999 -9999 -9999 -9999 -9999 -9999 -9999 -9999 -9999 -9999 -9999 -9999 -9999 -9999 -9999 -9999 -9999 -9999 -9999 -9999 -9999 -9999 -9999 -9999 -9999 -9999 -9999 -9999 -9999 -9999 -9999 -9999 -9999 -9999 -9999 -9999 -9999 -9999
303 290 277 274 274 272 264 257 253 248 244 240 236 233 232 -9999 -9999 -9999 -9999 -9999 -9999 -9999 -9999 -9999 -9999 -9999 -9999 -9999 -9999 -9999 -9999 -9999 -9999 -9999 -9999 -9999 -9999 -9999 -9999 -9999 -9999 -9999 -9999 -9999 -9999 -9999 -9999 -9999 -9999 -9999 -9999 -9999 -9999 -9999 -9999 -9999 -9999 -9999 -9999 -9999 -9999 -9999 -9999 -9999 -9999 -9999 -9999 -9999 -9999 -9999 -9999 -9999 -9999 -9999 -9999 -9999 -9999 -9999 -9999 -9999 -9999 -9999 -9999 -9999 -9999 -9999 -9999 -9999 -9999 -9999 -9999 -9999
317 302 295 289 280 273 266 260 255 250 245 241 238 236 242 259 -9999 -9999 -9999 -9999 -9999 -9999 -9999 -9999 -9999 -9999 -9999 -9999 -9999 -9999 -9999 -9999 -9999 -9999 -9999 -9999 -9999 -9999 -9999 -9999 -9999 -9999 -9999 -9999 -9999 -9999 -9999 -9999 -9999 -9999 -9999 -9999 -9999 -9999 -9999 -9999 -9999 -9999 -9999 -9999 -9999 -9999 -9999 -9999 -9999 -9999 -9999 -9999 -9999 -9999 -9999 -9999 -9999 -9999 -9999 -9999 -9999 -9999 -9999 -9999 -9999 -9999 -9999 -9999 -9999 -9999 -9999 -9999 -9999 -9999 -9999 -9999
326 317 315 306 291 277 267 261 257 253 248 246 244 248 261 273 -9999 -9999 -9999 -9999 -9999 -9999 -9999 -9999 -9999 -9999 -9999 -9999 -9999 -9999 -9999 -9999 -9999 -9999 -9999 -9999 -9999 -9999 -9999 -9999 -9999 -9999 -9999 -9999 -9999 -9999 -9999 -9999 -9999 -9999 -9999 -9999 -9999 -9999 -9999 -9999 -9999 -9999 -9999 -9999 -9999 -9999 -9999 -9999 -9999 -9999 -9999 -9999 -9999 -9999 -9999 -9999 -9999 -9999 -9999 -9999 -9999 -9999 -9999 -9999 -9999 -9999 -9999 -9999 -9999 -9999 -9999 -9999 -9999 -9999 -9999 -9999
340 333 326 319 304 285 275 271 271 265 257 260 266 266 274 287 293 -9999 -9999 -9999 -9999 -9999 -9999 -9999 -9999 -9999 -9999 -9999 -9999 -9999 -9999 -9999 -9999 -9999 -9999 -9999 -9999 -9999 -9999 -9999 -9999 -9999 -9999 -9999 -9999 -9999 -9999 -9999 -9999 -9999 -9999 -9999 -9999 -9999 -9999 -9999 -9999 -9999 -9999 -9999 -9999 -9999 -9999 -9999 -9999 -9999 -9999 -9999 -9999 -9999 -9999 -9999 -9999 -9999 -9999 -9999 -9999 -9999 -9999 -9999 -9999 -9999 -9999 -9999 -9999 -9999 -9999 -9999 -9999 -9999 -9999 -9999
346 346 342 333 309 299 300 291 288 280 264 268 284 288 289 294 299 303 -9999 -9999 -9999 -9999 -9999 -9999 -9999 -9999 -9999 -9999 -9999 -9999 -9999 -9999 -9999 -9999 -9999 -9999 -9999 -9999 -9999 -9999 -9999 -9999 -9999 -9999 -9999 -9999 -9999 -9999 -9999 -9999 -9999 -9999 -9999 -9999 -9999 -9999 -9999 -9999 -9999 -9999 -9999 -9999 -9999 -9999 -9999 -9999 -9999 -9999 -9999 -9999 -9999 -9999 -9999 -9999 -9999 -9999 -9999 -9999 -9999 -9999 -9999 -9999 -9999 -9999 -9999 -9999 -9999 -9999 -9999 -9999 -9999 -9999
351 353 350 336 310 298 302 303 301 289 273 270 285 298 304 308 309 307 -9999 -9999 -9999 -9999 -9999 -9999 -9999 -9999 -9999 -9999 -9999 -9999 -9999 -9999 -9999 -9999 -9999 -9999 -9999 -9999 -9999 -9999 -9999 -9999 -9999 -9999 -9999 -9999 -9999 -9999 -9999 -9999 -9999 -9999 -9999 -9999 -9999 -9999 -9999 -9999 -9999 -9999 -9999 -9999 -9999 -9999 -9999 -9999 -9999 -9999 -9999 -9999 -9999 -9999 -9999 -9999 -9999 -9999 -9999 -9999 -9999 -9999 -9999 -9999 -9999 -9999 -9999 -9999 -9999 -9999 -9999 -9999 -9999 -9999
341 346 339 327 314 299 301 310 310 300 294 289 283 292 301 303 300 302 308 -9999 -9999 -9999 -9999 -9999 -9999 -9999 -9999 -9999 -9999 -9999 -9999 -9999 -9999 -9999 -9999 -9999 -9999 -9999 -9999 -9999 -9999 -9999 -9999 -9999 -9999 -9999 -9999 -9999 -9999 -9999 -9999 -9999 -9999 -9999 -9999 -9999 -9999 -9999 -9999 -9999 -9999 -9999 -9999 -9999 -9999 -9999 -9999 -9999 -9999 -9999 -9999 -9999 -9999 -9999 -9999 -9999 -9999 -9999 -9999 -9999 -9999 -9999 -9999 -9999 -9999 -9999 -9999 -9999 -9999 -9999 -9999 -9999
339 338 336 330 315 299 300 316 318 314 312 302 287 285 293 295 295 303 314 318 317 -9999 -9999 -9999 -9999 -9999 -9999 -9999 -9999 -9999 -9999 -9999 -9999 -9999 -9999 -9999 -9999 -9999 -9999 -9999 -9999 -9999 -9999 -9999 -9999 -9999 -9999 -9999 -9999 -9999 -9999 -9999 -9999 -9999 -9999 -9999 -9999 -9999 -9999 -9999 -9999 -9999 -9999 -9999 -9999 -9999 -9999 -9999 -9999 -9999 -9999 -9999 -9999 -9999 -9999 -9999 -9999 -9999 -9999 -9999 -9999 -9999 -9999 -9999 -9999 -9999 -9999 -9999 -9999 -9999 -9999 -9999
347 341 338 325 308 301 301 310 323 324 314 301 297 300 297 296 300 309 321 326 328 330 -9999 -9999 -9999 -9999 -9999 -9999 -9999 -9999 -9999 -9999 -9999 -9999 -9999 -9999 -9999 -9999 -9999 -9999 -9999 -9999 -9999 -9999 -9999 -9999 -9999 -9999 -9999 -9999 -9999 -9999 -9999 -9999 -9999 -9999 -9999 -9999 -9999 -9999 -9999 -9999 -9999 -9999 -9999 -9999 -9999 -9999 -9999 -9999 -9999 -9999 -9999 -9999 -9999 -9999 -9999 -9999 -9999 -9999 -9999 -9999 -9999 -9999 -9999 242 -9999 -9999 -9999 -9999 -9999 -9999
376 354 344 332 323 315 307 312 329 333 319 306 309 313 309 304 313 326 336 339 342 343 345 -9999 -9999 -9999 -9999 -9999 -9999 -9999 -9999 -9999 -9999 -9999 -9999 -9999 -9999 -9999 -9999 -9999 -9999 -9999 -9999 -9999 -9999 -9999 -9999 -9999 -9999 -9999 -9999 -9999 -9999 -9999 -9999 -9999 -9999 -9999 -9999 -9999 -9999 -9999 -9999 -9999 -9999 -9999 -9999 -9999 -9999 -9999 -9999 -9999 -9999 -9999 -9999 -9999 -9999 -9999 -9999 -9999 -9999 -9999 -9999 -9999 -9999 240 239 240 244 -9999 -9999 -9999
384 366 351 340 337 328 317 317 322 325 317 304 304 312 314 309 313 325 344 356 358 364 366 357 343 -9999 -9999 -9999 -9999 -9999 -9999 -9999 -9999 -9999 350 356 358 -9999 -9999 -9999 -9999 -9999 -9999 -9999 -9999 -9999 -9999 -9999 -9999 -9999 -9999 -9999 -9999 -9999 -9999 -9999 -9999 -9999 -9999 -9999 -9999 -9999 -9999 -9999 -9999 -9999 -9999 -9999 -9999 -9999 -9999 -9999 -9999 -9999 -9999 -9999 -9999 -9999 -9999 -9999 -9999 -9999 -9999 -9999 -9999 235 233 233 237 241 -9999 -9999
376 367 354 346 346 338 330 327 322 322 324 314 311 317 316 312 317 326 342 364 381 392 393 376 353 347 359 -9999 -9999 -9999 -9999 -9999 371 359 354 363 -9999 -9999 -9999 -9999 -9999 -9999 -9999 -9999 -9999 -9999 -9999 -9999 -9999 -9999 -9999 -9999 -9999 -9999 -9999 -9999 -9999 -9999 -9999 -9999 -9999 -9999 -9999 -9999 -9999 -9999 -9999 -9999 -9999 -9999 -9999 -9999 -9999 -9999 -9999 -9999 -9999 -9999 -9999 -9999 -9999 -9999 -9999 -9999 -9999 -9999 228 227 228 230 231 -9999
377 366 355 362 366 353 337 330 326 325 325 319 323 326 319 318 328 344 355 370 394 414 416 393 367 359 367 367 362 370 383 387 378 364 358 357 -9999 -9999 -9999 -9999 -9999 -9999 -9999 -9999 -9999 -9999 -9999 -9999 -9999 -9999 -9999 -9999 -9999 -9999 -9999 -9999 -9999 -9999 -9999 -9999 -9999 -9999 -9999 -9999 -9999 -9999 -9999 -9999 -9999 -9999 -9999 -9999 -9999 -9999 -9999 -9999 -9999 -9999 -9999 -9999 -9999 -9999 -9999 -9999 -9999 -9999 227 225 223 221 222 -9999
382 371 369 399 403 368 340 329 327 326 321 322 334 335 327 330 347 372 387 403 412 425 425 401 380 370 370 372 371 374 386 395 385 372 354 334 319 -9999 -9999 -9999 -9999 -9999 -9999 -9999 -9999 -9999 -9999 -9999 -9999 -9999 -9999 -9999 -9999 -9999 -9999 -9999 -9999 -9999 -9999 -9999 -9999 -9999 -9999 -9999 -9999 -9999 -9999 -9999 -9999 -9999 -9999 -9999 -9999 -9999 -9999 -9999 -9999 -9999 -9999 -9999 -9999 -9999 -9999 -9999 -9999 -9999 219 218 217 215 213 210
389 377 382 426 432 390 354 336 330 325 324 334 341 339 336 344 369 408 444 463 457 451 434 405 387 380 382 390 391 391 401 406 390 366 337 317 312 309 -9999 -9999 -9999 -9999 -9999 -9999 -9999 -9999 -9999 -9999 -9999 -9999 -9999 -9999 -9999 -9999 -9999 -9999 -9999 -9999 -9999 -9999 -9999 -9999 -9999 -9999 -9999 -9999 -9999 -9999 -9999 -9999 -9999 -9999 -9999 -9999 -9999 -9999 -9999 -9999 -9999 -9999 -9999 -9999 -9999 -9999 -9999 224 220 217 216 216 216 214
394 380 380 412 429 415 375 344 335 333 339 354 357 349 353 364 395 453 517 521 501 490 454 414 396 399 409 417 414 409 410 403 375 340 323 324 331 -9999 -9999 -9999 -9999 -9999 -9999 -9999 -9999 -9999 -9999 -9999 -9999 -9999 -9999 -9999 -9999 -9999 -9999 -9999 -9999 -9999 -9999 -9999 -9999 -9999 -9999 -9999 -9999 -9999 -9999 -9999 -9999 -9999 -9999 -9999 -9999 -9999 -9999 -9999 -9999 -9999 -9999 -9999 -9999 -9999 -9999 -9999 236 233 229 228 228 230 231 226
399 389 383 392 404 404 381 355 350 350 356 368 364 356 373 395 414 468 528 530 515 500 465 431 416 422 441 440 422 412 400 375 344 330 331 337 352 -9999 -9999 -9999 -9999 -9999 -9999 -9999 -9999 -9999 -9999 -9999 -9999 -9999 -9999 -9999 -9999 -9999 -9999 -9999 -9999 -9999 -9999 -9999 -9999 -9999 -9999 -9999 -9999 -9999 -9999 -9999 -9999 -9999 -9999 -9999 -9999 -9999 -9999 -9999 -9999 -9999 -9999 -9999 -9999 -9999 -9999 245 242 236 233 234 237 239 237 226
414 402 392 393 395 394 385 379 380 377 375 376 371 371 384 411 434 464 513 549 551 517 473 446 439 436 433 420 404 390 367 345 339 345 347 345 364 -9999 -9999 -9999 -9999 -9999 -9999 -9999 -9999 -9999 -9999 -9999 -9999 -9999 -9999 -9999 -9999 -9999 -9999 -9999 -9999 -9999 -9999 -9999 -9999 -9999 -9999 -9999 -9999 -9999 -9999 -9999 -9999 -9999 -9999 -9999 -9999 -9999 -9999 -9999 -9999 -9999 -9999 -9999 -9999 -9999 254 253 248 240 238 240 243 243 234 220
419 404 401 408 421 430 422 410 410 408 410 409 396 398 416 456 499 508 540 607 624 564 498 466 450 437 416 395 379 361 347 349 360 363 358 353 368 -9999 -9999 -9999 -9999 -9999 -9999 -9999 -9999 -9999 -9999 -9999 -9999 -9999 -9999 -9999 -9999 -9999 -9999 -9999 -9999 -9999 -9999 -9999 -9999 -9999 -9999 -9999 -9999 -9999 -9999 -9999 -9999 -9999 -9999 -9999 -9999 -9999 -9999 -9999 -9999 -9999 -9999 -9999 -9999 261 264 260 252 247 244 243 243 239 227 216
435 411 413 428 445 461 460 443 435 437 450 455 442 450 486 539 584 585 587 638 652 581 504 466 445 422 397 377 358 352 359 365 371 371 370 366 -9999 -9999 -9999 -9999 -9999 -9999 -9999 -9999 -9999 -9999 -9999 -9999 -9999 -9999 -9999 -9999 -9999 -9999 -9999 -9999 -9999 -9999 -9999 -9999 -9999 -9999 -9999 -9999 -9999 -9999 -9999 -9999 -9999 -9999 -9999 -9999 -9999 -9999 -9999 -9999 -9999 -9999 -9999 -9999 267 270 275 272 263 257 251 244 238 231 222 217
474 433 440 480 507 524 533 508 485 485 503 528 528 543 590 640 647 630 611 600 586 540 479 439 424 412 393 372 358 363 375 379 382 385 389 386 -9999 -9999 -9999 -9999 419 411 403 394 386 -9999 -9999 -9999 -9999 -9999 -9999 -9999 -9999 -9999 -9999 -9999 -9999 -9999 -9999 -9999 -9999 -9999 -9999 -9999 -9999 -9999 -9999 -9999 -9999 -9999 303 292 285 -9999 -9999 -9999 -9999 -9999 -9999 296 281 275 284 282 269 260 253 245 242 236 224 -9999
500 452 446 505 576 617 627 598 571 565 588 629 634 650 689 726 711 646 583 538 508 483 448 413 401 407 402 377 366 377 390 397 403 412 423 419 400 -9999 -9999 428 422 418 415 402 391 398 420 440 -9999 -9999 -9999 -9999 -9999 -9999 -9999 -9999 -9999 360 366 377 372 363 384 395 378 -9999 -9999 326 332 350 346 317 297 292 -9999 -9999 -9999 337 325 304 287 281 287 286 273 261 255 256 256 243 226 -9999
529 471 442 470 541 611 668 698 698 682 704 752 752 728 702 710 725 682 601 522 468 444 422 400 396 405 405 382 375 391 407 418 434 453 466 453 421 -9999 -9999 427 425 426 422 406 399 413 449 487 536 -9999 -9999 -9999 -9999 -9999 464 446 414 383 391 413 401 376 374 383 369 355 347 333 339 376 379 338 311 302 301 315 334 332 316 307 300 288 284 285 281 273 269 272 268 249 229 -9999
559 492 454 448 482 554 655 735 781 795 815 867 862 767 664 617 624 628 581 507 451 422 404 409 416 402 396 392 398 412 427 445 477 507 506 468 426 -9999 -9999 426 429 433 429 414 411 432 473 546 632 -9999 -9999 -9999 -9999 573 542 495 443 407 404 410 402 385 373 366 354 343 336 333 341 365 362 331 313 307 308 313 322 326 319 314 309 294 283 281 283 280 275 275 267 248 231 -9999
569 521 485 464 474 524 600 682 778 867 904 918 875 768 694 632 572 537 505 467 434 409 401 431 439 420 416 429 441 452 466 486 516 550 534 473 441 430 431 434 437 443 439 426 422 454 502 581 700 -9999 -9999 -9999 -9999 668 619 546 484 440 410 393 390 384 377 364 354 353 351 349 344 340 334 321 313 315 325 323 310 302 303 311 312 302 291 284 281 281 280 279 273 252 235 241
561 542 513 487 483 502 562 664 774 870 920 940 898 803 755 703 626 564 500 447 419 407 419 459 462 450 474 503 510 515 530 543 539 523 489 460 464 462 468 463 452 455 455 444 431 446 496 581 707 -9999 -9999 -9999 713 685 608 531 480 442 408 388 378 371 367 359 352 355 354 346 337 334 333 325 317 318 317 307 299 297 297 301 300 302 300 292 283 279 280 280 276 259 243 253
601 589 550 500 493 513 559 646 744 808 831 884 898 836 797 748 663 579 493 433 420 434 468 502 493 478 521 581 594 594 592 567 525 490 488 512 520 505 508 498 480 480 476 459 444 440 470 545 664 751 724 668 629 601 585 535 463 423 417 405 389 377 369 360 353 348 344 343 352 373 386 366 331 311 309 312 309 309 301 288 282 290 300 299 290 279 272 272 270 253 240 254
675 636 570 521 520 524 539 581 640 689 733 799 832 804 742 674 601 520 450 425 459 507 547 564 532 511 551 637 674 656 613 548 505 523 571 605 588 554 532 521 536 539 508 481 470 458 470 538 639 697 658 586 541 510 498 484 445 445 464 440 409 388 373 366 367 364 361 364 376 396 395 362 332 322 322 321 312 309 308 300 291 284 288 296 294 282 270 266 259 247 241 252
736 657 566 555 590 571 546 556 585 629 676 712 725 728 699 621 539 477 437 445 513 594 624 624 588 562 590 657 688 649 586 542 532 569 636 649 599 552 533 570 609 584 540 525 523 496 484 564 671 682 608 531 494 484 481 461 446 469 476 447 418 395 378 372 374 376 371 373 377 374 358 339 345 360 358 345 330 319 309 299 291 286 278 278 276 268 260 256 252 251 251 252
697 602 562 608 651 632 617 612 594 612 625 616 618 643 644 600 527 459 439 480 574 683 726 701 648 631 681 713 697 655 609 606 611 614 654 649 586 547 573 623 632 597 584 595 603 561 509 558 676 694 615 534 523 549 534 492 484 482 483 492 469 426 401 391 385 383 372 358 348 345 345 357 392 419 408 376 347 327 311 299 295 296 288 276 270 266 257 250 252 258 262 262
653 601 617 668 690 691 698 670 601 557 547 551 562 582 577 575 533 463 458 515 612 740 812 797 743 713 755 792 782 732 683 696 713 696 681 655 609 585 640 701 701 668 653 664 675 619 539 549 663 702 630 555 576 591 545 521 523 502 530 560 516 453 432 431 407 384 367 349 346 358 375 396 425 434 401 362 336 323 320 314 305 297 289 280 280 282 272 260 262 268 268 265
684 664 697 728 712 693 682 636 583 535 511 514 522 534 525 528 497 452 468 542 637 724 788 837 832 812 822 833 824 789 759 754 756 743 715 703 665 625 687 782 808 784 748 746 730 644 555 543 641 694 641 575 596 619 605 586 561 522 545 568 531 488 474 469 439 402 373 354 356 374 403 428 424 399 369 344 330 331 333 320 306 295 286 280 283 282 271 268 273 275 268 262
646 677 709 686 644 605 574 540 518 505 493 486 487 489 481 475 457 442 467 542 616 676 733 799 842 848 834 812 795 789 782 766 752 747 752 764 724 657 702 806 873 894 876 833 749 646 571 552 623 659 615 588 632 689 686 633 574 533 554 587 573 528 505 500 477 434 392 366 358 370 396 421 412 384 357 346 347 345 336 328 315 303 295 288 284 282 276 278 285 281 271 267
604 607 616 593 557 540 532 523 521 530 520 496 478 466 457 450 449 450 471 536 590 630 663 723 762 776 793 790 777 772 767 755 744 744 770 804 771 681 672 742 815 877 920 895 794 678 598 580 645 673 638 620 674 736 719 672 630 587 611 646 616 569 560 554 513 465 424 392 369 381 398 404 391 371 357 366 372 357 347 348 336 318 304 295 289 284 280 279 282 280 276 274
635 609 586 563 564 579 586 586 580 579 572 546 516 490 471 464 470 468 469 498 543 571 604 659 714 760 781 776 772 770 766 766 762 747 748 771 773 715 675 699 748 806 866 886 825 726 640 620 680 708 691 676 727 787 780 746 700 656 672 685 663 643 625 594 542 491 456 424 390 386 394 398 389 376 374 390 392 367 356 358 348 328 312 300 290 284 281 282 285 284 279 279
671 657 632 599 625 656 651 652 632 607 615 607 577 536 497 486 482 468 471 484 501 534 584 648 707 752 757 756 774 785 790 803 800 764 735 728 729 722 728 747 761 776 803 849 856 780 682 666 727 768 778 764 787 812 787 747 723 714 712 679 660 668 663 633 584 542 510 471 423 388 382 410 422 413 410 418 403 374 367 367 350 325 307 295 288 284 281 283 286 284 277 -9999
