data/cz/cz_dem_1000_32633_etrs89-utm33n.asc
ncols        499
nrows        285
xllcorner    285360.589657212957
yllcorner    5378116.132637160830
cellsize     1000.000000000000
NODATA_value -9999
[rows 123 to 163 of 285, columns 184 to 275 of 499]
298 297 298 307 319 337 348 362 372 383 397 411 420 405 387 366 344 330 343 341 324 337 328 329 335 339 321 286 263 250 251 256 261 264 268 275 279 298 314 315 304 282 268 259 245 229 214 203 198 198 198 199 202 205 204 204 204 205 212 229 262 285 281 265 252 253 261 252 239 231 229 232 231 238 240 233 234 240 237 234 234 231 228 227 226 227 228 227 226 227 228 229
316 314 310 317 324 332 352 372 388 405 412 419 428 418 404 386 370 365 374 364 352 360 355 344 346 350 327 292 272 266 262 264 270 276 287 303 309 314 316 310 303 291 282 268 250 240 230 217 204 199 199 199 203 208 209 207 205 205 206 210 222 249 277 288 286 282 278 274 269 264 254 243 240 251 251 241 238 247 246 239 237 235 233 235 235 236 240 242 242 241 236 232
330 330 326 332 342 342 351 380 402 418 427 427 427 422 420 411 397 391 396 401 396 385 379 378 381 378 345 300 283 274 267 273 276 285 296 305 312 314 321 319 310 301 292 278 270 260 248 236 220 208 202 201 201 203 208 209 207 207 207 208 211 219 243 280 304 304 294 286 281 278 275 271 264 263 255 244 243 255 257 249 245 244 246 245 245 248 256 264 264 253 242 234
340 346 351 345 349 356 364 400 430 436 441 443 440 432 421 420 420 419 414 411 415 408 399 392 390 387 356 314 299 291 282 281 284 297 303 302 310 323 329 332 328 314 299 290 283 276 263 248 234 229 231 217 206 203 205 211 211 210 210 209 210 212 218 234 269 301 308 302 298 295 292 289 288 277 267 260 256 258 263 257 258 255 256 252 251 254 261 273 270 252 240 239
356 364 375 371 358 366 380 409 444 457 462 468 469 460 447 427 416 417 412 399 402 402 391 382 380 383 362 330 321 319 311 298 297 310 320 322 325 330 332 331 325 317 314 311 311 320 308 286 269 272 281 247 214 207 207 213 219 217 213 213 211 211 213 216 227 256 295 319 317 310 307 301 293 288 295 286 273 267 265 257 263 263 265 257 251 258 264 269 259 249 246 247
375 384 392 389 378 380 398 416 442 457 471 485 490 485 480 461 427 405 395 391 396 386 373 374 392 406 386 348 328 320 311 302 305 318 322 321 322 326 334 334 332 337 339 347 359 371 349 329 313 283 251 226 213 210 212 215 222 222 217 218 215 213 214 216 222 231 255 301 325 324 321 317 309 304 310 310 292 274 263 263 277 282 274 260 257 267 268 260 261 276 271 254
407 418 426 420 409 405 414 421 416 429 448 468 483 481 475 480 457 393 370 391 402 388 375 396 423 425 395 361 348 332 330 336 337 343 339 330 331 338 350 354 357 364 365 376 388 383 357 336 315 269 232 219 222 220 218 220 221 224 221 220 218 215 215 217 225 231 239 265 314 341 340 331 325 322 321 315 299 285 271 276 286 292 280 266 264 279 273 261 268 278 269 257
431 450 461 455 442 443 442 438 416 399 410 441 468 482 477 454 432 384 366 383 403 392 378 394 421 423 391 360 350 340 353 373 377 371 355 340 344 352 362 365 369 378 390 410 402 375 344 318 298 268 249 243 243 234 220 217 225 230 229 225 223 222 218 217 221 230 237 249 292 348 366 364 357 349 340 331 317 301 288 294 301 298 285 274 269 285 282 268 273 279 283 275
450 464 472 473 464 459 447 435 420 388 390 419 455 465 458 433 413 381 357 376 403 400 370 386 423 422 387 368 363 350 360 381 395 391 370 358 362 364 369 372 372 381 401 424 414 381 345 314 289 270 268 264 251 234 223 226 236 239 239 232 229 229 224 219 219 224 235 249 277 341 383 399 400 384 365 354 345 326 325 338 326 306 290 283 278 286 285 271 266 273 283 291
454 448 445 436 437 456 451 439 418 391 374 402 434 449 458 457 412 367 354 379 385 393 376 386 424 419 393 385 375 356 356 376 394 396 378 373 385 387 391 401 402 403 412 412 395 367 339 316 297 287 276 270 259 249 238 235 235 239 240 236 234 235 232 226 221 231 248 257 272 320 381 421 428 413 392 378 362 350 362 364 342 322 301 292 292 295 289 278 269 269 275 285
428 416 418 415 408 430 441 433 412 385 362 377 406 438 482 494 433 362 354 377 376 394 395 378 391 389 382 379 363 356 369 377 388 392 385 387 403 419 429 437 440 433 423 403 371 345 338 324 311 301 288 284 274 260 251 249 241 241 243 238 236 240 237 232 226 235 265 279 284 309 372 441 458 444 429 419 403 389 400 385 362 344 327 313 312 311 318 316 292 274 273 279
404 402 407 403 403 415 428 424 401 371 350 356 381 422 469 470 427 365 345 357 383 413 417 366 344 354 365 364 361 372 394 399 401 394 391 401 415 427 440 449 449 438 425 407 374 350 342 339 327 311 302 296 281 269 264 256 255 255 253 246 243 242 242 239 231 230 250 279 293 306 366 464 498 497 497 485 456 425 416 394 380 382 367 354 352 348 351 352 314 286 279 285
388 403 416 396 404 406 400 412 403 391 361 346 379 418 437 439 411 385 353 333 359 408 389 364 369 364 370 380 381 390 403 406 404 398 398 413 423 432 440 447 454 443 423 411 396 377 358 356 344 326 316 302 284 275 273 266 266 268 261 259 260 259 254 252 242 246 259 271 275 293 346 458 495 491 504 494 465 448 441 429 429 434 420 405 392 377 353 333 314 298 294 297
399 423 444 410 386 384 379 389 381 376 356 341 367 400 404 404 389 372 361 336 336 363 361 396 406 393 394 399 394 400 412 417 408 401 403 412 428 442 456 460 459 448 431 418 408 392 380 367 359 347 336 316 296 283 274 270 273 273 269 266 269 274 276 272 259 254 260 260 258 274 321 414 473 466 466 465 474 484 476 464 469 470 449 428 404 380 362 348 320 305 310 317
390 398 421 400 375 352 361 375 363 351 337 318 327 370 376 369 361 337 330 333 321 320 345 347 352 373 394 411 413 415 424 429 420 412 416 419 434 451 469 474 469 459 441 427 415 402 391 377 368 364 363 347 318 293 278 280 281 280 277 274 276 287 289 284 278 264 263 264 260 268 294 341 412 435 442 465 518 546 521 498 511 501 468 433 405 390 381 369 347 336 340 340
365 349 365 361 347 323 329 348 348 329 309 333 335 324 319 318 318 339 362 378 366 349 324 311 317 355 375 401 416 424 439 443 432 423 427 437 448 458 480 491 483 469 445 427 422 413 403 396 386 379 381 375 345 309 293 297 301 295 290 285 288 296 294 286 280 275 269 279 281 278 284 303 355 397 407 419 465 521 539 531 520 507 488 467 445 428 411 394 377 367 375 367
335 350 355 336 326 310 308 333 324 302 322 373 375 363 352 353 355 371 397 409 418 408 374 366 339 361 390 399 419 439 451 460 454 450 448 459 482 484 507 520 500 478 455 436 428 423 419 418 406 394 393 385 364 334 325 326 327 315 307 300 302 308 304 292 282 272 272 291 305 299 287 289 335 408 407 413 441 482 526 543 533 512 510 500 479 458 432 410 392 389 389 377
322 318 307 301 300 291 286 301 293 300 345 395 396 389 378 388 404 407 432 444 446 437 428 422 364 330 360 392 416 432 442 455 473 488 477 480 503 517 535 537 516 497 472 449 439 433 426 426 417 411 409 396 379 358 355 350 349 340 329 319 313 314 317 312 301 285 279 291 318 321 308 299 334 433 435 442 472 498 518 524 523 498 477 465 455 456 462 450 433 423 410 398
313 302 314 316 315 310 287 277 280 306 367 425 432 415 410 421 433 435 462 477 467 457 449 444 406 351 329 345 383 405 424 449 474 497 496 496 514 519 525 530 524 512 488 463 451 443 438 437 431 422 413 400 386 380 376 366 368 371 365 358 345 330 325 328 320 306 297 296 310 320 312 305 323 403 451 456 490 517 508 486 475 457 459 481 497 517 527 509 485 459 437 422
279 286 304 319 326 324 305 293 300 318 385 433 444 445 452 457 465 466 467 465 447 438 433 421 419 381 357 367 391 417 433 456 481 490 496 492 505 503 509 526 526 507 492 475 460 452 454 453 448 437 419 404 394 391 381 372 380 387 390 389 377 355 339 336 329 326 318 313 315 323 320 312 317 360 439 479 492 498 488 491 475 482 513 536 542 553 559 543 529 506 480 463
295 287 303 324 336 342 324 321 324 330 360 396 427 456 476 491 483 482 465 438 430 414 398 394 376 349 365 395 420 450 464 474 482 473 474 472 481 496 521 538 529 504 482 479 472 468 472 471 468 451 426 409 404 397 387 381 383 393 402 404 392 371 356 350 345 348 342 330 329 337 340 335 336 358 401 461 491 519 537 555 543 545 563 581 582 583 589 582 567 544 531 518
316 295 300 330 356 360 340 344 341 336 360 391 407 423 458 494 492 488 464 432 416 402 415 431 409 362 367 404 425 439 455 468 466 452 452 448 471 503 519 532 525 489 468 463 469 479 489 486 474 454 429 419 414 406 399 390 390 398 412 418 407 392 382 376 371 368 358 343 340 347 359 363 358 359 376 418 475 503 527 552 565 559 565 583 590 585 585 595 591 576 568 558
325 298 298 324 353 364 358 369 365 342 343 359 369 388 435 476 475 459 435 414 410 404 421 443 413 360 371 407 433 418 426 436 443 435 429 429 460 477 495 523 528 496 462 477 492 491 495 492 475 455 440 435 429 422 412 403 401 404 414 423 416 408 408 407 401 389 372 362 354 362 372 386 387 374 370 391 460 519 525 519 535 531 534 544 553 556 567 587 587 584 589 587
318 299 292 306 335 356 361 370 362 345 354 357 374 395 435 457 453 457 451 438 436 431 448 449 417 372 353 374 400 399 403 411 405 398 404 421 441 455 484 511 518 498 467 494 509 505 502 494 481 469 461 458 453 444 433 423 416 411 415 428 435 428 425 427 425 411 396 385 371 378 386 396 405 393 379 375 415 490 541 547 534 544 566 551 535 534 542 560 569 579 585 587
318 310 302 311 345 357 362 372 358 346 363 372 396 425 451 461 457 473 471 468 471 471 478 458 424 371 350 346 348 353 367 372 381 391 400 417 433 450 467 478 482 471 454 475 482 494 494 489 493 490 493 495 486 477 460 449 443 435 430 444 454 450 444 446 449 442 424 405 395 396 409 413 419 417 402 388 385 415 484 547 570 586 604 594 587 594 581 556 546 555 567 580
367 355 326 317 348 357 363 366 354 361 374 388 417 456 473 478 474 474 472 472 470 468 471 461 432 369 372 391 387 383 358 343 365 410 425 410 415 431 454 472 457 432 441 461 466 485 482 492 509 519 529 532 523 510 488 478 470 462 453 457 472 477 469 469 466 461 446 432 425 416 429 441 442 436 420 408 398 390 415 470 536 578 610 629 632 630 622 609 580 547 543 566
391 391 371 342 351 360 373 375 359 364 385 406 419 455 483 487 477 453 433 431 429 449 454 439 409 369 382 431 439 419 393 358 348 376 387 408 433 456 467 477 443 420 448 452 450 468 473 493 520 544 547 541 539 525 507 495 485 472 466 466 478 484 487 486 483 475 468 464 460 451 453 467 479 462 431 416 407 392 391 413 451 507 570 614 629 621 606 597 579 548 542 563
410 397 371 357 367 365 378 389 378 369 381 406 422 452 482 485 468 444 414 398 394 409 410 398 368 364 397 428 456 434 394 359 367 391 408 436 450 445 438 436 414 428 447 433 437 452 473 514 534 549 549 530 522 523 522 511 495 481 468 463 472 473 477 485 491 490 487 493 495 485 488 495 488 468 442 430 419 404 393 398 420 451 497 552 597 609 593 577 566 556 551 559
403 381 361 348 358 366 370 387 403 398 393 408 435 461 473 481 469 441 409 391 377 372 366 361 349 369 413 450 470 453 418 374 347 351 376 406 415 412 398 385 382 398 409 433 477 495 511 539 538 531 536 528 507 513 530 523 505 489 468 456 460 463 470 476 480 479 485 498 505 504 505 506 509 495 472 455 432 415 404 413 441 463 469 498 576 621 603 574 560 555 555 554
405 383 365 360 373 380 371 382 405 417 407 422 463 470 457 461 462 436 402 406 413 395 375 379 368 379 409 440 465 463 429 384 353 339 348 358 359 363 366 377 394 415 419 436 483 516 532 538 533 515 519 526 502 510 526 533 522 505 477 463 462 464 465 464 468 481 485 489 499 499 504 508 516 519 506 482 451 433 424 416 419 432 460 484 533 599 608 584 569 564 566 565
414 378 370 381 388 386 373 384 411 426 437 458 478 472 450 437 438 423 400 420 434 422 408 397 370 386 421 446 447 437 421 392 367 353 343 345 355 351 350 355 368 387 389 430 464 485 513 520 509 497 501 515 491 494 517 546 549 526 484 474 485 491 493 491 487 501 518 509 493 488 490 501 517 526 521 504 478 460 456 446 440 432 442 464 492 551 581 583 589 579 563 559
389 378 384 401 396 387 381 396 415 442 477 497 500 479 444 426 412 396 399 438 441 430 420 397 369 389 422 447 454 437 417 406 384 380 360 350 365 376 372 378 367 359 361 388 421 447 472 484 485 480 480 485 469 487 532 563 562 546 507 473 487 506 515 517 516 523 538 535 518 501 495 499 508 514 520 524 510 496 493 480 469 458 457 452 455 500 535 562 578 572 572 580
381 381 388 400 401 398 401 420 445 485 501 492 478 463 446 435 431 407 417 442 426 410 410 385 375 390 422 455 471 465 457 434 400 394 392 378 375 378 392 413 413 400 405 384 381 424 460 451 452 458 445 436 459 508 544 552 543 541 521 478 474 495 511 513 515 532 539 537 537 539 536 536 538 535 537 544 539 530 523 516 502 494 496 482 469 470 490 525 551 561 583 597
392 392 401 407 419 421 413 436 485 519 512 500 479 469 482 470 453 434 427 417 407 390 375 364 378 398 419 445 450 436 422 415 401 413 421 413 405 390 381 394 413 425 434 418 388 400 430 415 424 442 422 427 467 503 519 522 524 523 517 488 460 477 493 495 515 542 540 525 522 543 568 564 564 565 565 567 552 535 537 541 543 537 529 519 528 540 543 556 562 568 591 602
398 398 414 429 445 432 408 424 488 529 528 507 491 493 515 497 461 426 405 393 391 381 375 379 389 402 432 457 448 430 428 409 393 413 436 434 422 400 384 383 396 420 441 446 416 393 392 385 388 398 398 421 455 473 482 499 513 505 502 498 471 462 471 488 513 532 538 521 514 536 561 560 556 565 571 563 547 533 535 551 564 561 553 544 542 553 556 553 556 561 579 602
401 405 427 450 443 416 402 429 488 526 511 487 480 500 527 511 470 427 410 400 383 386 400 411 414 427 453 460 446 445 439 424 419 422 436 439 425 400 396 387 391 414 441 460 448 440 426 419 409 396 382 393 412 431 458 505 529 505 484 478 466 452 474 503 516 520 519 515 510 524 547 551 543 549 558 546 529 536 552 568 585 584 574 565 557 547 543 540 541 545 555 577
406 414 442 456 436 414 420 466 511 512 497 498 516 525 517 492 463 439 434 413 393 418 427 431 444 464 472 464 456 450 440 462 468 460 462 455 429 403 406 402 390 406 432 444 444 453 454 448 439 439 423 395 384 410 472 537 555 513 476 452 437 453 497 523 522 512 499 497 495 515 542 538 528 528 537 531 515 529 559 583 597 593 581 580 579 572 569 556 552 559 560 566
422 432 446 448 429 421 457 506 531 532 522 508 533 542 518 490 472 454 433 406 393 424 448 455 464 487 495 484 473 457 461 493 491 470 457 440 419 404 417 422 409 393 395 405 409 422 441 443 444 457 456 442 409 408 461 515 523 500 460 428 416 442 488 515 519 498 479 478 492 522 550 540 514 505 515 514 509 530 559 574 582 586 577 580 585 582 587 582 587 609 600 571
440 458 463 453 441 455 491 550 586 566 536 509 510 503 500 491 485 466 437 400 392 410 431 450 471 501 508 494 485 472 466 473 478 463 445 437 422 413 427 437 429 405 386 384 394 398 402 404 428 455 469 457 435 418 421 451 459 450 429 411 406 419 453 479 484 479 465 474 505 537 561 558 531 500 496 494 508 538 561 561 563 580 574 568 569 572 592 606 621 639 620 587
471 483 503 478 467 506 556 604 618 571 526 506 509 485 467 470 462 460 454 414 404 426 454 468 483 513 521 517 511 500 493 482 472 459 443 426 421 430 446 455 446 423 409 418 435 441 427 406 419 440 460 461 482 501 463 424 413 412 417 424 424 431 431 441 452 451 456 492 528 538 540 539 532 511 487 481 499 526 546 547 547 558 566 553 549 565 584 601 625 635 617 610
527 528 538 497 488 551 601 596 567 542 521 520 506 481 470 459 442 449 449 415 413 454 472 490 504 533 550 540 514 494 484 471 453 445 441 433 441 455 475 493 479 446 432 443 464 473 459 419 404 440 491 515 555 605 557 477 449 445 437 446 445 447 437 425 434 441 460 495 518 514 512 514 512 501 479 487 508 526 533 537 533 532 544 543 534 553 563 587 620 634 631 620
