data/cz/cz_dem_1000_32633_etrs89-utm33n.asc
ncols        499
nrows        285
xllcorner    285360.589657212957
yllcorner    5378116.132637160830
cellsize     1000.000000000000
NODATA_value -9999
[rows 205 to 245 of 285, columns 368 to 459 of 499]
339 350 338 304 287 283 289 294 298 312 310 281 261 276 282 258 239 226 230 238 256 271 259 236 216 202 190 185 186 199 222 233 228 223 252 272 277 278 277 270 280 282 274 311 321 314 314 335 332 294 313 348 371 376 363 356 364 397 460 508 516 510 505 495 526 557 521 488 519 554 619 676 645 611 632 618 -9999 -9999 -9999 -9999 -9999 -9999 -9999 -9999 -9999 -9999 -9999 -9999 -9999 -9999 -9999 -9999
368 365 335 319 305 299 310 313 322 336 317 283 255 245 254 241 227 230 263 259 245 264 282 273 235 215 204 191 185 196 207 219 228 221 238 260 261 270 262 251 244 237 242 275 286 285 290 310 318 293 317 336 356 344 326 344 385 411 419 433 464 523 564 561 590 597 555 532 504 528 608 655 623 599 598 555 -9999 -9999 -9999 -9999 -9999 -9999 -9999 -9999 -9999 -9999 -9999 -9999 -9999 -9999 -9999 -9999
389 376 351 333 316 327 348 356 357 371 353 296 255 240 235 240 247 267 286 279 257 272 292 270 245 253 247 213 189 186 191 204 222 217 223 242 242 234 227 230 244 266 270 264 266 266 261 271 276 274 287 302 316 313 316 339 361 384 420 467 539 621 638 626 627 631 632 591 513 521 575 599 590 566 558 531 -9999 -9999 -9999 -9999 -9999 -9999 -9999 -9999 -9999 -9999 -9999 -9999 -9999 -9999 -9999 -9999
417 407 377 342 339 359 396 424 415 403 358 294 264 249 256 287 297 289 311 311 281 270 288 276 272 282 269 230 202 187 188 203 209 206 205 208 211 226 267 316 333 343 351 346 340 316 287 283 283 284 294 300 323 348 347 354 398 451 518 574 620 620 608 633 645 611 586 556 502 522 565 554 533 537 573 -9999 -9999 -9999 -9999 -9999 -9999 -9999 -9999 -9999 -9999 -9999 -9999 -9999 -9999 -9999 -9999 -9999
432 437 398 362 356 383 425 439 398 363 314 279 271 262 271 324 357 336 337 346 322 304 317 320 318 297 259 248 236 200 187 192 194 196 203 217 246 295 346 384 386 382 390 385 367 326 317 341 353 350 344 363 396 393 391 417 466 542 591 599 561 537 535 565 585 570 542 525 495 499 519 515 532 574 617 -9999 -9999 -9999 -9999 -9999 -9999 -9999 -9999 -9999 -9999 -9999 -9999 -9999 -9999 -9999 -9999 -9999
433 449 403 358 331 336 369 378 350 314 288 289 272 260 278 303 334 350 351 371 362 353 345 327 316 305 295 286 265 211 188 191 201 218 244 262 280 319 355 366 373 381 400 401 367 329 328 373 428 431 397 397 411 421 447 505 539 559 538 516 489 477 475 498 519 536 533 509 488 485 501 547 575 550 -9999 -9999 -9999 -9999 -9999 -9999 -9999 -9999 -9999 -9999 -9999 -9999 -9999 -9999 -9999 -9999 -9999 -9999
424 428 374 326 308 307 325 342 336 326 315 295 278 278 309 338 354 378 396 390 361 337 343 321 305 314 325 287 240 200 193 211 237 269 288 310 300 317 335 328 330 351 384 411 402 383 390 397 423 453 422 431 482 513 535 559 537 506 474 460 443 437 449 470 493 497 504 497 491 490 514 524 530 519 -9999 -9999 -9999 -9999 -9999 -9999 -9999 -9999 -9999 -9999 -9999 -9999 -9999 -9999 -9999 -9999 -9999 -9999
362 357 336 313 303 327 352 344 326 333 333 308 298 305 337 385 419 447 453 433 391 348 334 347 310 284 313 307 248 199 209 247 270 282 304 323 332 338 319 320 371 416 441 446 458 449 451 463 449 459 462 490 522 515 498 477 462 445 434 431 430 431 442 454 475 467 480 486 474 466 488 523 562 585 603 -9999 -9999 -9999 -9999 -9999 -9999 -9999 -9999 -9999 -9999 -9999 -9999 -9999 -9999 -9999 -9999 -9999
347 332 304 293 310 348 357 336 336 347 338 328 346 372 414 456 465 448 425 408 419 401 350 323 318 277 278 289 255 209 230 246 254 264 285 305 320 326 309 314 366 408 438 419 431 444 433 471 525 533 484 467 468 437 407 401 417 422 440 433 429 418 430 451 445 446 465 452 443 468 513 563 620 677 701 -9999 -9999 -9999 -9999 -9999 -9999 -9999 -9999 -9999 -9999 -9999 -9999 -9999 -9999 -9999 -9999 -9999
322 308 285 297 316 335 322 309 318 329 351 383 431 467 493 491 453 407 408 383 389 388 364 317 300 274 253 269 261 212 217 235 254 266 299 301 292 288 288 323 374 383 393 384 380 394 422 501 564 522 431 403 389 370 363 389 420 417 420 431 412 417 432 425 420 440 435 426 458 521 598 659 699 702 -9999 -9999 -9999 -9999 -9999 -9999 -9999 -9999 -9999 -9999 -9999 -9999 -9999 -9999 -9999 -9999 -9999 -9999
297 284 274 275 286 292 291 293 301 324 380 455 503 501 452 418 408 397 374 361 335 334 314 314 283 259 238 244 236 199 198 230 244 277 310 300 281 294 323 346 357 347 345 356 379 416 443 490 474 449 398 355 338 344 368 411 446 452 433 413 394 403 406 404 420 419 415 456 526 608 624 627 641 -9999 -9999 -9999 -9999 -9999 -9999 -9999 -9999 -9999 -9999 -9999 -9999 -9999 -9999 -9999 -9999 -9999 -9999 -9999
268 264 276 303 311 303 299 308 317 333 376 439 487 504 467 405 361 373 352 337 330 311 284 275 254 249 229 219 206 187 189 212 237 275 296 282 267 296 310 331 344 340 340 389 392 387 401 414 391 380 359 333 356 401 425 456 482 484 463 422 388 390 385 398 431 436 444 509 554 577 554 533 551 -9999 -9999 -9999 -9999 -9999 -9999 -9999 -9999 -9999 -9999 -9999 -9999 -9999 -9999 -9999 -9999 -9999 -9999 -9999
285 289 287 298 321 332 335 345 366 388 428 474 487 482 460 411 360 326 300 318 326 316 287 250 236 226 211 197 187 181 184 214 253 280 276 250 254 275 295 337 370 351 331 370 363 339 367 376 339 324 323 362 426 474 492 480 463 445 427 422 389 370 383 422 498 512 446 473 517 522 490 479 533 569 -9999 -9999 -9999 -9999 -9999 -9999 -9999 -9999 -9999 -9999 -9999 -9999 -9999 -9999 -9999 -9999 -9999 -9999
284 276 293 316 333 339 362 410 453 467 455 444 437 455 451 434 411 364 302 285 294 290 267 245 229 211 195 185 181 180 182 197 230 248 241 239 265 279 294 332 360 353 316 337 341 316 345 343 311 326 350 396 447 469 475 450 433 430 413 397 378 367 406 490 537 518 449 459 478 443 429 465 541 -9999 -9999 -9999 -9999 -9999 -9999 -9999 -9999 -9999 -9999 -9999 -9999 -9999 -9999 -9999 -9999 -9999 -9999 -9999
283 278 287 302 316 321 364 415 446 454 416 410 431 447 415 386 367 365 332 285 272 261 252 237 226 207 190 182 179 179 180 183 207 216 217 241 252 263 296 323 327 361 334 313 318 303 327 339 318 386 436 437 448 447 449 432 416 407 395 382 365 376 442 518 493 482 473 422 402 412 437 475 560 660 -9999 -9999 -9999 -9999 -9999 -9999 -9999 -9999 -9999 -9999 -9999 -9999 -9999 -9999 -9999 -9999 -9999 -9999
299 297 278 279 287 306 334 360 378 389 382 406 412 417 416 401 353 346 336 304 256 237 241 234 215 199 188 181 178 177 180 188 200 211 228 240 239 248 270 285 311 342 326 290 287 311 318 303 327 385 423 446 463 446 429 420 402 394 374 359 357 397 434 461 482 445 408 376 392 453 517 545 577 626 -9999 -9999 -9999 -9999 -9999 -9999 -9999 -9999 -9999 -9999 -9999 -9999 -9999 -9999 -9999 -9999 -9999 -9999
273 293 286 286 304 355 399 377 361 381 406 417 401 422 412 395 357 308 283 275 249 226 222 230 212 191 182 178 176 177 180 195 208 214 218 222 239 254 274 292 311 310 306 285 281 302 289 299 354 392 389 403 441 447 419 396 380 386 374 367 369 410 395 407 438 437 387 367 427 534 630 701 706 -9999 -9999 -9999 -9999 -9999 -9999 -9999 -9999 -9999 -9999 -9999 -9999 -9999 -9999 -9999 -9999 -9999 -9999 -9999
283 291 303 318 353 396 440 436 448 467 448 412 370 368 386 356 321 296 263 249 249 242 222 210 200 186 179 175 177 183 199 233 264 264 256 262 258 268 291 292 280 289 317 293 281 283 305 355 389 385 366 381 410 432 426 408 381 369 367 393 378 378 356 351 366 368 346 367 449 532 627 691 656 -9999 -9999 -9999 -9999 -9999 -9999 -9999 -9999 -9999 -9999 -9999 -9999 -9999 -9999 -9999 -9999 -9999 -9999 -9999
288 278 298 335 394 420 450 444 446 450 414 392 369 332 317 302 281 266 257 237 236 233 220 202 191 181 178 180 205 230 265 283 291 304 303 302 294 293 289 266 266 288 329 316 274 279 328 373 379 348 335 357 376 399 420 409 388 375 383 387 370 353 347 338 329 323 321 366 449 539 615 613 566 -9999 -9999 -9999 -9999 -9999 -9999 -9999 -9999 -9999 -9999 -9999 -9999 -9999 -9999 -9999 -9999 -9999 -9999 -9999
263 265 308 381 437 445 459 434 398 415 397 360 343 305 295 285 266 248 251 237 221 215 203 193 185 180 179 191 246 293 306 274 270 299 294 299 306 276 249 254 282 315 346 320 277 308 332 352 352 324 323 336 371 405 392 379 389 412 398 373 367 384 397 394 377 393 375 375 442 542 605 534 -9999 -9999 -9999 -9999 -9999 -9999 -9999 -9999 -9999 -9999 -9999 -9999 -9999 -9999 -9999 -9999 -9999 -9999 -9999 -9999
258 271 345 403 409 400 398 384 360 344 330 348 373 371 362 321 279 244 244 233 211 197 187 182 178 177 180 200 235 274 271 259 273 306 280 273 278 249 247 271 306 333 343 295 289 311 318 341 353 319 305 330 376 396 366 358 377 415 411 409 424 450 458 444 432 481 484 384 391 501 523 452 -9999 -9999 -9999 -9999 -9999 -9999 -9999 -9999 -9999 -9999 -9999 -9999 -9999 -9999 -9999 -9999 -9999 -9999 -9999 -9999
264 275 350 365 354 349 333 305 302 312 306 334 362 359 318 275 255 248 228 213 202 190 181 178 177 177 181 200 213 239 238 265 295 295 269 247 233 245 268 295 328 322 307 272 290 296 309 322 319 297 309 345 347 339 351 379 409 441 451 486 516 510 487 495 494 530 518 415 349 403 448 -9999 -9999 -9999 -9999 -9999 -9999 -9999 -9999 -9999 -9999 -9999 -9999 -9999 -9999 -9999 -9999 -9999 -9999 -9999 -9999 -9999
277 256 287 300 294 291 292 280 284 296 290 310 323 306 284 286 300 301 248 205 190 182 177 176 176 177 179 182 186 201 207 224 247 233 215 210 213 238 281 306 326 316 275 250 279 279 302 327 299 285 294 300 304 323 346 376 442 492 497 544 565 545 528 549 594 606 523 484 444 362 -9999 -9999 -9999 -9999 -9999 -9999 -9999 -9999 -9999 -9999 -9999 -9999 -9999 -9999 -9999 -9999 -9999 -9999 -9999 -9999 -9999 -9999
291 241 249 269 265 267 275 272 267 278 315 346 353 340 327 332 332 295 232 194 182 177 175 175 175 176 185 195 201 206 237 234 217 215 237 259 266 236 234 262 271 259 236 232 247 248 264 298 283 283 288 294 317 369 413 416 424 491 551 573 584 584 590 622 -9999 673 623 589 -9999 -9999 -9999 -9999 -9999 -9999 -9999 -9999 -9999 -9999 -9999 -9999 -9999 -9999 -9999 -9999 -9999 -9999 -9999 -9999 -9999 -9999 -9999 -9999
258 226 241 253 253 247 256 250 256 292 327 327 321 317 298 304 290 246 204 183 177 174 174 174 174 178 197 221 238 253 271 284 267 256 264 302 298 245 216 225 227 220 227 246 249 260 265 262 257 268 302 319 332 363 433 487 485 496 557 604 -9999 -9999 -9999 -9999 -9999 -9999 -9999 -9999 -9999 -9999 -9999 -9999 -9999 -9999 -9999 -9999 -9999 -9999 -9999 -9999 -9999 -9999 -9999 -9999 -9999 -9999 -9999 -9999 -9999 -9999 -9999 -9999
232 214 223 234 241 239 258 250 260 286 293 270 258 260 260 268 253 217 187 175 173 174 174 174 174 188 212 239 266 296 299 315 311 287 263 268 264 248 236 222 215 216 223 242 269 279 306 297 282 307 341 339 351 367 414 480 531 564 591 -9999 -9999 -9999 -9999 -9999 -9999 -9999 -9999 -9999 -9999 -9999 -9999 -9999 -9999 -9999 -9999 -9999 -9999 -9999 -9999 -9999 -9999 -9999 -9999 -9999 -9999 -9999 -9999 -9999 -9999 -9999 -9999 -9999
225 207 207 219 230 233 234 231 238 243 243 229 223 238 265 261 231 197 177 172 173 174 173 173 176 201 229 242 263 294 312 320 313 285 255 241 253 273 274 246 224 220 237 270 275 272 281 314 351 373 370 368 385 404 450 541 610 617 584 -9999 -9999 -9999 -9999 -9999 -9999 -9999 -9999 -9999 -9999 -9999 -9999 -9999 -9999 -9999 -9999 -9999 -9999 -9999 -9999 -9999 -9999 -9999 -9999 -9999 -9999 -9999 -9999 -9999 -9999 -9999 -9999 -9999
211 197 208 232 228 217 229 244 255 261 264 240 223 242 270 248 211 185 173 172 173 173 173 173 180 201 221 231 252 266 273 280 274 271 260 259 283 315 292 249 228 233 275 310 287 273 277 312 375 424 415 399 441 483 529 610 646 581 518 -9999 -9999 -9999 -9999 -9999 -9999 -9999 -9999 -9999 -9999 -9999 -9999 -9999 -9999 -9999 -9999 -9999 -9999 -9999 -9999 -9999 -9999 -9999 -9999 -9999 -9999 -9999 -9999 -9999 -9999 -9999 -9999 -9999
202 191 206 226 216 212 229 254 270 266 258 238 227 246 253 222 192 177 171 171 172 173 174 177 184 194 211 231 257 262 244 246 256 275 287 296 322 324 288 249 238 266 311 319 300 290 310 338 386 446 457 446 491 537 544 550 581 545 476 -9999 -9999 -9999 -9999 -9999 -9999 -9999 -9999 -9999 -9999 -9999 -9999 -9999 -9999 -9999 -9999 -9999 -9999 -9999 -9999 -9999 -9999 -9999 -9999 -9999 -9999 -9999 -9999 -9999 -9999 -9999 -9999 -9999
197 193 204 207 200 200 205 217 237 238 226 217 230 247 231 198 180 173 171 170 171 174 178 183 189 199 213 232 243 240 229 231 242 257 283 314 319 302 276 251 259 294 306 297 301 314 336 348 365 402 461 497 516 511 501 475 495 517 457 -9999 -9999 -9999 -9999 -9999 -9999 -9999 -9999 -9999 -9999 -9999 -9999 -9999 -9999 -9999 -9999 -9999 -9999 -9999 -9999 -9999 -9999 -9999 -9999 -9999 -9999 -9999 -9999 -9999 -9999 -9999 -9999 -9999
189 195 200 195 195 197 197 198 203 205 198 198 226 233 205 182 173 170 170 170 171 173 181 195 198 205 213 226 234 234 234 236 236 242 260 282 284 279 267 254 260 284 285 286 295 313 329 342 367 406 473 539 534 490 462 436 427 449 462 -9999 -9999 -9999 -9999 -9999 -9999 -9999 -9999 -9999 -9999 -9999 -9999 -9999 -9999 -9999 -9999 -9999 -9999 -9999 -9999 -9999 -9999 -9999 -9999 -9999 -9999 -9999 -9999 -9999 -9999 -9999 -9999 -9999
186 190 189 190 191 193 195 196 195 192 189 186 187 187 181 175 171 170 170 170 171 174 183 195 210 222 244 280 292 277 278 269 245 256 276 276 268 273 273 265 270 281 294 310 323 330 351 391 432 481 569 608 590 540 544 537 455 405 415 -9999 -9999 -9999 -9999 -9999 -9999 -9999 -9999 -9999 -9999 -9999 -9999 -9999 -9999 -9999 -9999 -9999 -9999 -9999 -9999 -9999 -9999 -9999 -9999 -9999 -9999 -9999 -9999 -9999 -9999 -9999 -9999 -9999
181 181 181 183 186 189 194 199 202 198 195 193 191 191 187 178 171 169 170 170 171 177 190 195 203 217 241 291 320 311 315 294 260 274 312 315 294 292 296 304 315 324 336 357 372 386 422 464 501 539 598 672 673 645 628 553 477 484 -9999 -9999 -9999 -9999 -9999 -9999 -9999 -9999 -9999 -9999 -9999 -9999 -9999 -9999 -9999 -9999 -9999 -9999 -9999 -9999 -9999 -9999 -9999 -9999 -9999 -9999 -9999 -9999 -9999 -9999 -9999 -9999 -9999 -9999
179 181 182 185 190 191 194 201 209 209 207 207 206 202 191 175 169 169 169 170 175 183 193 197 202 208 216 242 278 290 293 284 296 319 307 304 319 324 320 344 354 353 359 378 414 462 532 527 532 591 648 682 672 687 619 518 505 586 -9999 -9999 -9999 -9999 -9999 -9999 -9999 -9999 -9999 -9999 -9999 -9999 -9999 -9999 -9999 -9999 -9999 -9999 -9999 -9999 -9999 -9999 -9999 -9999 -9999 -9999 -9999 -9999 -9999 -9999 -9999 -9999 -9999 -9999
194 212 213 213 211 205 202 205 209 211 212 213 211 203 188 173 169 169 169 174 182 192 195 194 198 204 208 227 241 249 255 267 313 351 319 314 352 366 344 365 392 382 386 394 447 524 531 492 557 694 747 694 587 570 608 609 593 639 -9999 -9999 -9999 -9999 -9999 -9999 -9999 -9999 -9999 -9999 -9999 -9999 -9999 -9999 -9999 -9999 -9999 -9999 -9999 -9999 -9999 -9999 -9999 -9999 -9999 -9999 -9999 -9999 -9999 -9999 -9999 -9999 -9999 -9999
207 235 247 245 230 215 210 207 206 206 206 204 200 192 179 170 169 169 177 192 203 204 197 197 203 203 206 241 264 254 254 275 307 331 332 346 384 411 380 384 429 438 443 438 476 522 492 464 542 675 -9999 -9999 -9999 -9999 -9999 -9999 -9999 -9999 -9999 -9999 -9999 -9999 -9999 -9999 -9999 -9999 -9999 -9999 -9999 -9999 -9999 -9999 -9999 -9999 -9999 -9999 -9999 -9999 -9999 -9999 -9999 -9999 -9999 -9999 -9999 -9999 -9999 -9999 -9999 -9999 -9999 -9999
211 228 242 237 222 209 202 201 205 204 199 194 185 173 168 168 168 173 191 208 216 210 199 202 212 214 230 255 272 269 276 297 335 353 361 376 405 445 429 416 481 528 531 508 485 477 470 436 490 642 -9999 -9999 -9999 -9999 -9999 -9999 -9999 -9999 -9999 -9999 -9999 -9999 -9999 -9999 -9999 -9999 -9999 -9999 -9999 -9999 -9999 -9999 -9999 -9999 -9999 -9999 -9999 -9999 -9999 -9999 -9999 -9999 -9999 -9999 -9999 -9999 -9999 -9999 -9999 -9999 -9999 -9999
201 212 225 229 217 204 196 194 199 197 190 183 176 169 168 168 168 172 187 198 197 193 193 202 209 223 245 253 266 280 302 304 336 387 401 418 444 471 482 481 532 544 503 461 424 434 452 415 429 -9999 -9999 -9999 -9999 -9999 -9999 -9999 -9999 -9999 -9999 -9999 -9999 -9999 -9999 -9999 -9999 -9999 -9999 -9999 -9999 -9999 -9999 -9999 -9999 -9999 -9999 -9999 -9999 -9999 -9999 -9999 -9999 -9999 -9999 -9999 -9999 -9999 -9999 -9999 -9999 -9999 -9999 -9999
196 207 220 229 221 208 200 192 189 183 175 170 168 168 169 169 171 172 177 181 181 184 190 197 205 215 235 264 302 316 304 320 376 446 443 435 448 481 510 555 611 575 529 496 445 422 470 464 -9999 -9999 -9999 -9999 -9999 -9999 -9999 -9999 -9999 -9999 -9999 -9999 -9999 -9999 -9999 -9999 -9999 -9999 -9999 -9999 -9999 -9999 -9999 -9999 -9999 -9999 -9999 -9999 -9999 -9999 -9999 -9999 -9999 -9999 -9999 -9999 -9999 -9999 -9999 -9999 -9999 -9999 -9999 -9999
194 206 213 218 216 207 199 191 181 171 167 166 167 168 169 174 181 183 182 178 178 182 188 196 207 221 247 292 323 321 292 309 396 489 469 433 449 492 543 582 593 608 605 572 500 419 439 -9999 -9999 -9999 -9999 -9999 -9999 -9999 -9999 -9999 -9999 -9999 -9999 -9999 -9999 -9999 -9999 -9999 -9999 -9999 -9999 -9999 -9999 -9999 -9999 -9999 -9999 -9999 -9999 -9999 -9999 -9999 -9999 -9999 -9999 -9999 -9999 -9999 -9999 -9999 -9999 -9999 -9999 -9999 -9999 -9999
189 199 202 206 205 203 193 182 173 168 166 166 166 168 176 184 192 204 202 184 178 183 193 215 242 268 276 266 280 294 294 313 405 469 449 417 420 452 514 547 551 620 645 564 493 447 403 -9999 -9999 -9999 -9999 -9999 -9999 -9999 -9999 -9999 -9999 -9999 -9999 -9999 -9999 -9999 -9999 -9999 -9999 -9999 -9999 -9999 -9999 -9999 -9999 -9999 -9999 -9999 -9999 -9999 -9999 -9999 -9999 -9999 -9999 -9999 -9999 -9999 -9999 -9999 -9999 -9999 -9999 -9999 -9999 -9999
