data/cz/cz_dem_500_32633_etrs89-utm33n.asc
ncols        1017
nrows        623
xllcorner    280447.848435610533
yllcorner    5355587.570977939293
cellsize     500.000000000000
NODATA_value -9999
[rows 451 to 491 of 623, columns 644 to 735 of 1017]
369 385 412 426 407 378 363 341 313 296 294 290 285 290 306 315 313 315 318 313 299 283 269 249 223 211 207 205 201 197 192 189 189 188 190 197 208 211 202 195 193 193 194 197 199 202 201 204 212 219 228 235 238 234 216 199 194 196 198 203 212 227 243 259 271 276 280 287 295 294 296 299 291 305 331 323 286 284 291 286 312 340 318 305 312 326 338 331 335 340 321 316
339 351 376 392 382 354 332 325 309 298 293 281 273 276 290 300 298 301 303 299 289 274 263 258 244 236 230 217 205 196 191 189 189 190 199 203 201 197 192 189 190 192 196 199 200 199 201 205 206 205 207 207 202 198 196 194 196 199 200 202 207 217 236 257 274 287 291 292 299 307 312 315 314 328 347 326 292 300 319 302 302 336 332 320 332 351 370 368 367 369 345 340
320 319 329 343 359 344 314 306 292 283 286 280 269 265 270 278 288 296 292 290 291 282 273 273 270 266 262 248 225 203 192 189 191 200 212 211 198 189 187 187 189 196 199 199 197 196 200 200 197 195 193 191 191 193 195 199 202 203 204 210 213 213 227 246 260 271 270 264 281 311 327 342 350 353 358 333 302 307 331 319 311 338 346 335 349 368 375 380 389 391 373 377
292 294 306 309 318 310 291 286 280 286 299 299 282 266 261 267 289 296 282 276 276 272 273 276 273 266 255 241 222 201 189 187 193 203 208 204 195 188 187 190 194 197 198 196 195 195 195 193 191 190 189 190 192 196 201 208 211 209 208 219 228 223 221 227 231 238 239 242 260 292 324 352 365 366 368 357 337 315 327 336 324 338 363 361 364 371 354 351 359 374 391 395
261 284 326 317 296 292 302 294 279 301 319 317 300 276 261 261 275 282 273 264 260 263 267 266 261 253 241 229 213 196 187 186 188 192 194 194 191 188 189 196 199 196 194 192 194 192 188 187 188 189 190 192 198 203 205 209 214 216 214 219 232 238 233 234 235 236 243 243 259 283 310 341 348 339 347 366 366 342 344 357 347 343 358 370 359 352 343 316 305 336 361 365
240 278 323 320 286 277 307 315 285 287 306 312 299 277 263 258 263 267 263 256 251 256 267 266 253 240 232 223 210 195 188 186 185 186 187 189 190 187 189 195 195 191 190 193 197 192 188 190 192 193 195 201 209 211 207 207 213 218 219 215 222 238 251 260 259 258 273 264 251 269 291 315 325 309 316 352 376 369 365 374 372 370 370 368 345 318 302 285 291 323 328 324
236 264 297 290 257 257 297 314 289 271 276 291 290 276 263 258 261 261 256 251 246 247 256 259 249 237 228 221 212 197 188 186 185 184 185 188 190 190 191 195 193 189 190 192 191 187 188 192 196 200 202 203 205 205 207 211 219 230 235 227 221 236 261 277 283 274 282 282 256 250 259 280 289 287 308 343 367 382 373 370 383 380 370 377 373 350 313 276 269 292 300 295
229 246 268 252 228 240 281 301 288 266 256 259 266 270 265 257 260 261 252 242 236 235 243 245 241 234 226 219 211 198 188 185 184 184 185 187 189 192 196 196 193 188 187 186 184 187 190 194 194 194 196 196 196 197 202 208 222 241 247 236 230 231 242 262 290 294 295 289 267 254 253 258 263 278 303 326 343 369 362 347 363 359 343 359 374 361 329 305 276 267 274 274
227 219 225 217 205 220 257 272 260 260 265 257 249 253 256 249 246 253 254 246 234 234 238 237 233 228 223 219 212 199 189 185 184 183 185 186 188 193 195 191 189 186 185 184 184 188 192 194 195 195 193 192 194 196 199 205 219 241 251 245 249 246 247 253 279 303 304 303 298 287 282 283 283 302 309 309 326 351 352 331 345 338 314 332 346 353 355 338 300 258 244 259
259 233 227 222 209 201 225 244 231 234 259 271 253 239 243 244 235 240 249 246 235 233 235 233 228 222 219 218 211 198 188 184 183 183 183 184 186 189 189 186 184 184 184 184 185 186 189 192 199 202 197 195 197 199 200 206 221 238 253 251 260 257 250 261 270 276 288 315 326 314 309 316 306 320 339 340 329 327 336 313 308 315 300 319 331 333 351 338 293 249 229 232
308 290 270 253 230 210 216 227 217 212 234 261 256 238 234 237 230 230 241 244 233 229 234 232 226 222 220 216 209 196 187 184 183 182 181 181 182 183 184 184 185 184 184 184 185 187 190 195 200 202 199 199 203 202 202 210 226 247 264 259 268 271 257 276 288 282 304 335 340 329 334 344 334 331 330 323 314 297 299 293 284 290 280 285 303 302 311 323 307 260 225 221
332 308 279 264 245 230 242 253 242 223 216 234 253 249 234 227 224 221 226 234 231 224 229 231 227 224 222 218 208 197 187 183 182 179 178 180 181 181 185 190 188 184 184 184 185 187 190 193 195 198 197 203 208 204 204 216 235 256 273 269 279 290 273 285 304 307 322 329 319 323 335 345 337 313 291 278 291 288 278 280 266 260 257 253 262 274 274 275 272 247 221 218
318 290 268 253 239 228 232 239 237 231 211 207 230 245 238 228 220 215 216 220 222 217 218 225 227 225 222 216 204 192 185 182 181 179 179 181 182 183 187 194 191 186 185 185 186 187 188 190 192 196 198 203 207 204 207 226 250 272 289 281 281 298 293 286 307 329 338 323 291 285 297 310 308 284 259 260 287 288 262 262 256 243 238 238 250 270 268 257 249 241 224 220
337 297 264 247 239 235 237 235 233 232 215 197 209 231 235 231 223 214 214 218 217 210 210 212 214 214 214 208 197 188 183 182 187 200 205 201 194 190 191 191 187 186 186 186 187 189 190 191 193 197 199 202 204 204 210 233 266 295 308 301 293 304 311 297 307 331 338 313 272 255 266 277 296 291 257 253 283 291 264 244 248 239 227 239 264 280 270 251 238 233 229 221
364 321 277 254 244 234 227 222 220 219 208 194 194 205 213 220 221 216 214 215 221 217 211 209 204 199 198 197 191 186 183 184 204 240 262 249 230 223 215 200 189 187 187 187 189 191 193 195 196 198 199 202 205 208 213 230 261 280 286 285 289 309 330 320 314 312 309 301 273 248 239 260 296 295 258 244 268 288 269 238 244 241 230 244 255 256 255 243 233 229 226 217
363 323 275 249 238 231 226 224 217 208 198 191 189 190 190 194 206 218 222 219 221 223 222 221 218 211 200 192 188 183 182 190 228 280 308 297 287 276 251 221 197 189 189 190 192 194 196 200 202 205 204 203 206 210 214 226 248 257 262 267 280 310 336 335 328 307 277 269 277 273 247 250 273 285 260 237 261 289 277 241 233 230 220 224 236 238 242 236 233 224 209 205
343 305 270 256 250 248 244 237 225 208 197 191 189 188 188 187 193 212 223 223 222 222 221 220 219 216 203 190 184 181 181 199 245 293 325 327 321 308 281 240 205 192 190 191 193 197 202 206 212 214 209 206 210 214 218 225 235 240 246 268 296 315 316 309 303 296 278 253 250 259 248 232 241 262 253 233 240 263 269 249 226 213 211 221 237 238 231 227 232 222 205 211
326 290 258 250 250 244 236 231 223 209 199 194 190 188 187 186 189 205 220 223 222 221 220 218 216 211 201 191 183 180 181 192 232 283 322 339 326 299 276 245 210 193 190 191 192 196 204 210 218 220 215 215 221 229 235 241 245 252 259 275 306 321 296 271 264 264 265 245 227 226 224 227 254 275 267 244 225 229 236 239 231 214 218 234 239 232 220 225 237 223 205 221
312 278 252 237 233 233 226 221 219 210 201 194 190 188 186 185 187 197 214 222 221 220 219 217 215 211 201 191 183 180 180 185 221 281 319 328 317 281 249 229 209 195 192 193 193 194 199 208 218 224 228 232 240 255 259 253 255 266 280 284 296 310 289 255 242 238 235 232 223 224 222 219 242 257 263 258 238 216 212 221 225 215 211 216 216 214 218 232 229 211 205 226
298 267 251 241 231 224 221 216 212 207 199 193 191 188 185 185 185 189 201 216 221 220 220 218 215 211 202 190 183 180 179 181 199 241 278 287 282 264 245 229 213 203 200 198 196 195 197 203 211 222 238 251 254 254 255 257 269 282 300 305 299 288 271 250 248 258 267 269 256 252 242 216 219 227 244 244 227 208 203 203 202 203 204 209 214 222 234 233 216 214 227 248
294 272 257 247 236 225 217 213 207 201 196 193 191 189 186 185 184 185 189 204 217 220 220 217 213 210 202 190 183 180 179 179 183 202 229 244 248 237 232 230 218 210 212 214 209 202 199 201 205 214 229 239 240 239 246 264 284 300 308 300 285 271 256 245 258 284 283 273 277 274 247 215 208 209 223 229 213 199 197 202 212 220 222 217 211 212 216 209 200 217 250 285
283 272 256 240 229 222 214 208 204 199 196 193 190 189 187 185 184 184 186 197 213 220 218 212 207 205 203 192 184 180 179 179 179 182 188 197 212 219 214 214 214 216 223 228 226 217 207 204 207 214 222 225 229 238 249 271 296 302 296 279 266 265 260 260 271 272 256 244 256 269 246 226 229 220 207 201 198 200 211 226 239 239 225 203 191 191 192 194 201 230 273 297
264 261 251 237 226 217 210 206 202 199 196 193 190 189 187 185 183 183 184 193 213 220 218 217 215 212 207 195 185 181 179 178 178 178 178 179 186 195 196 200 209 216 223 229 229 225 217 211 213 223 227 224 228 244 265 283 304 301 280 265 254 255 273 289 288 267 242 226 224 240 247 246 238 217 198 193 207 228 247 254 247 228 205 191 194 202 205 211 223 250 274 274
250 250 248 242 233 223 215 208 204 201 197 193 190 188 186 184 183 183 183 188 204 217 217 215 214 213 208 197 186 181 178 178 178 177 177 177 178 181 185 196 206 211 216 222 226 227 225 222 219 220 224 231 235 245 273 297 304 299 282 268 261 252 271 298 287 259 241 225 214 223 230 233 222 198 193 207 214 232 255 250 243 231 203 199 217 229 232 238 247 263 263 247
242 240 237 238 237 232 227 222 215 209 201 195 191 188 186 184 183 183 183 183 190 206 213 214 212 208 206 198 188 182 180 179 178 177 177 177 177 177 178 186 194 199 205 213 220 224 230 236 240 237 237 245 253 262 280 291 285 275 265 272 272 253 257 289 296 278 264 248 228 214 209 214 214 195 189 203 226 246 246 227 224 220 201 212 237 250 244 238 258 287 285 253
227 228 228 228 232 235 232 228 223 217 208 199 193 188 186 184 183 182 182 181 183 196 205 210 212 208 204 197 188 183 181 180 178 177 176 176 176 176 178 181 184 189 195 206 220 231 240 254 272 269 255 258 278 294 288 284 293 286 263 263 261 259 272 300 300 277 259 244 231 222 211 205 205 195 183 188 220 248 237 211 206 205 192 200 218 227 226 234 268 300 294 254
226 220 217 218 220 227 231 228 225 220 213 204 195 189 186 184 182 182 182 181 180 183 193 203 208 206 204 197 188 183 181 180 179 177 176 176 175 176 177 179 181 187 197 215 241 263 276 287 309 304 285 278 305 319 294 270 275 271 252 242 241 260 290 310 307 289 267 247 235 221 211 204 197 192 185 192 222 242 233 210 191 184 180 182 192 206 221 245 268 277 259 231
224 225 219 212 209 212 220 224 223 220 214 204 195 190 186 184 182 181 181 181 178 178 187 198 203 203 202 198 190 184 181 179 178 177 176 176 175 175 177 179 180 186 200 228 258 278 294 308 330 340 329 311 324 334 314 281 254 239 230 232 251 277 298 297 290 296 286 257 243 237 236 228 214 201 191 188 205 225 236 220 193 186 186 183 185 198 224 247 251 244 230 228
208 211 216 216 211 206 206 210 211 211 212 206 197 191 187 184 182 181 180 180 179 179 181 193 201 202 201 198 191 184 181 179 178 177 176 175 175 175 177 177 178 183 198 227 248 249 256 276 310 332 338 341 344 327 296 273 259 250 240 259 289 315 311 279 267 288 276 240 238 250 248 238 228 215 204 190 190 207 215 201 192 200 205 195 190 203 227 240 235 232 221 220
201 202 204 208 214 214 207 200 199 203 207 204 198 193 189 185 183 181 180 179 179 179 179 189 199 202 203 199 191 183 180 179 177 176 175 174 174 175 176 176 176 180 191 206 220 236 256 284 310 299 295 313 335 331 307 290 285 271 246 276 326 343 325 286 259 274 261 227 237 255 245 228 215 208 206 192 186 191 189 191 199 215 230 217 197 201 223 228 220 227 225 214
199 198 198 200 205 215 216 208 201 199 200 199 196 193 189 185 183 181 180 179 178 178 180 192 201 202 202 199 190 183 180 178 176 174 174 174 174 174 176 178 178 179 183 192 213 250 282 301 304 277 268 292 334 351 341 338 339 314 261 258 292 309 306 279 249 252 237 217 233 243 230 220 207 194 190 184 183 183 182 193 208 227 243 234 213 211 225 226 215 215 220 209
201 197 196 196 198 207 216 216 210 205 204 202 196 191 189 186 183 181 179 178 178 178 179 189 199 202 202 197 189 183 180 176 174 173 173 174 174 174 179 184 184 180 181 186 204 239 279 298 273 251 271 302 337 358 366 373 357 320 270 240 242 258 268 251 233 229 215 201 203 206 201 194 187 181 179 177 176 177 178 187 205 227 245 243 225 223 231 230 222 211 206 201
205 202 196 194 194 198 208 215 215 212 209 207 200 193 190 188 184 182 180 178 177 177 177 185 194 200 201 198 190 183 178 174 172 173 173 174 176 179 187 194 192 188 184 183 191 213 251 277 255 243 270 294 299 306 320 342 329 296 265 236 223 227 242 234 212 202 202 206 211 219 219 206 193 185 179 175 174 174 175 182 202 234 256 247 232 225 231 238 233 219 205 194
204 204 200 194 192 192 196 206 213 212 208 205 200 194 191 188 184 182 180 178 177 176 176 178 185 195 200 201 195 183 175 172 172 173 173 176 183 189 199 207 211 208 197 188 185 193 215 242 240 244 280 301 277 273 298 330 344 333 293 257 245 227 214 209 203 210 229 239 243 246 238 221 200 187 180 175 174 174 175 185 207 237 253 246 230 217 221 222 219 214 207 206
203 200 198 194 192 191 190 195 203 206 202 198 194 191 190 189 187 184 182 180 177 175 175 175 178 187 197 202 198 184 173 172 172 174 176 178 187 203 218 232 242 239 223 204 191 190 202 221 224 234 263 294 277 261 271 305 328 319 298 276 249 226 222 226 230 237 261 277 278 263 238 216 195 183 177 174 174 174 176 185 201 217 223 226 222 211 205 202 199 201 213 227
210 202 196 193 192 192 190 190 195 200 202 201 198 194 191 189 188 186 183 180 177 175 175 175 176 183 194 201 195 181 173 172 175 185 196 200 208 225 242 258 274 276 259 228 204 197 204 213 213 239 272 285 271 246 248 282 304 290 273 273 258 242 255 270 274 268 277 292 296 271 232 203 184 176 175 175 178 179 178 181 188 194 199 208 213 212 213 206 205 214 221 230
212 207 202 199 196 192 191 189 189 193 198 201 202 199 193 189 187 186 183 179 176 175 174 174 175 184 195 196 185 174 171 172 182 217 247 256 258 256 254 264 288 297 275 243 221 211 207 207 205 226 249 261 273 260 237 252 273 267 251 250 254 262 282 288 288 293 283 272 278 260 221 191 177 176 179 186 195 192 182 178 178 180 185 191 201 213 218 210 208 219 229 226
209 206 204 204 201 195 190 188 186 187 189 189 189 187 184 183 185 185 182 179 176 175 174 174 175 183 191 186 175 171 171 171 177 208 246 267 268 259 246 247 264 285 284 257 240 231 218 207 198 206 227 254 279 269 235 239 256 249 234 233 244 275 289 265 261 287 280 250 242 232 201 181 179 189 204 215 226 214 193 186 184 182 181 179 186 205 212 208 211 216 225 231
211 207 202 198 194 191 189 186 185 185 184 183 182 181 178 176 178 182 183 179 177 175 173 173 173 176 181 176 170 170 171 171 172 182 205 232 236 236 237 242 257 270 272 263 264 258 239 217 200 205 235 260 275 260 227 222 242 235 223 229 246 268 273 248 253 285 290 263 225 199 182 183 204 228 252 260 253 236 213 197 191 189 182 176 179 195 207 215 227 227 226 236
209 206 205 204 201 197 192 188 185 185 185 182 180 178 177 176 175 176 179 179 176 173 173 173 173 178 182 175 170 170 170 170 171 175 183 197 209 212 219 242 258 252 247 259 272 268 253 230 208 201 214 228 245 249 225 214 229 226 236 256 270 268 251 229 239 265 268 250 211 182 178 196 230 265 289 292 279 259 233 209 197 190 182 182 192 207 216 222 231 241 245 248
206 204 204 203 201 201 200 195 190 187 185 181 180 179 179 180 178 177 177 177 175 174 173 173 173 180 180 173 170 170 170 170 172 179 182 184 191 196 209 231 231 221 222 244 257 246 237 230 226 218 202 199 209 215 207 207 214 225 249 259 274 284 273 237 236 251 237 224 199 179 184 204 236 278 306 300 274 250 231 217 206 196 187 190 201 216 225 221 220 236 242 237
