data/cz/cz_slope_1000_32633_etrs89-utm33n.asc
ncols        499
nrows        285
xllcorner    285360.589657212957
yllcorner    5378116.132637160830
cellsize     1000.000000000000
NODATA_value -9999
[rows 114 to 132 of 285, columns 252 to 293 of 499]
0.84001487493515014648 0.83833914995193481445 0.80350792407989501953 0.86186569929122924805 0.88969796895980834961 0.69664371013641357422 0.57716983556747436523 0.52974051237106323242 0.49307706952095031738 0.45069390535354614258 0.23584952950477600098 0.079056940972805023193 0.063737742602825164795 0.24558603763580322266 0.16007810831069946289 0.050000000745058059692 0.26516503095626831055 0.33024612069129943848 0.25495097041130065918 0.28559148311614990234 0.2744312286376953125 0.26925823092460632324 0.050000000745058059692 0.19121323525905609131 0.22360679507255554199 0.19764235615730285645 0.3087272346019744873 0.45995923876762390137 0.5482928156852722168 0.38770157098770141602 0.27041634917259216309 0.55368083715438842773 1.2093386650085449219 2.0326244831085205078 2.2125353813171386719 1.7464249134063720703 0.95147913694381713867 0.62274593114852905273 0.73760592937469482422 0.80039054155349731445 1.0162738561630249023 0.93608224391937255859
0.42019340395927429199 0.48894017934799194336 0.46266889572143554688 0.48250648379325866699 0.5376453399658203125 0.34323826432228088379 0.39131188392639160156 0.50311529636383056641 0.49812147021293640137 0.39131188392639160156 0.16770510375499725342 0.095197163522243499756 0.16007810831069946289 0.15000000596046447754 0.20615528523921966553 0.30923292040824890137 0.46970736980438232422 0.66049224138259887695 0.57499998807907104492 0.49149009585380554199 0.41907635331153869629 0.28284272551536560059 0.10606601834297180176 0.35399505496025085449 0.40812069177627563477 0.44721359014511108398 0.58763295412063598633 0.64347690343856811523 0.39131188392639160156 0.11319231241941452026 0.26751169562339782715 0.42720019817352294922 0.70997357368469238281 1.2067518234252929688 1.6102212667465209961 1.6379293203353881836 0.95867747068405151367 0.21286733448505401611 0.56678920984268188477 0.63368958234786987305 0.84038680791854858398 1.0254572629928588867
0.28504386544227600098 0.27613401412963867188 0.25124689936637878418 0.40697050094604492188 0.58763295412063598633 0.39882639050483703613 0.375 0.44229516386985778809 0.35575622320175170898 0.27613401412963867188 0.18456028401851654053 0.21360009908676147461 0.10606601834297180176 0.18200275301933288574 0.27950850129127502441 0.26983791589736938477 0.28993535041809082031 0.49021679162979125977 0.56596159934997558594 0.52499997615814208984 0.45069390535354614258 0.27669930458068847656 0.26100766658782958984 0.27950850129127502441 0.28559148311614990234 0.28284272551536560059 0.42463219165802001953 0.44756284356117248535 0.13462911546230316162 0.19445437192916870117 0.36400550603866577148 0.62274593114852905273 0.69033503532409667969 0.75 1.0789172649383544922 1.6949373483657836914 1.4715000391006469727 0.42756578326225280762 0.73590928316116333008 0.66638016700744628906 0.62098711729049682617 0.76321685314178466797
0.32882365584373474121 0.28993535041809082031 0.23048861324787139893 0.3087272346019744873 0.54914706945419311523 0.55901700258255004883 0.45069390535354614258 0.38931030035018920898 0.24622143805027008057 0.23782871663570404053 0.30207616090774536133 0.39131188392639160156 0.39250797033309936523 0.30413812398910522461 0.19121323525905609131 0.13806700706481933594 0.11319231241941452026 0.11858541518449783325 0.15103808045387268066 0.125 0.07500000298023223877 0.17499999701976776123 0.25739076733589172363 0.3259601294994354248 0.45859840512275695801 0.5836308598518371582 0.71959191560745239258 0.88969796895980834961 0.82462114095687866211 0.62274593114852905273 0.51387012004852294922 0.67661845684051513672 0.89808827638626098633 0.96501296758651733398 1.2202714681625366211 1.8658108711242675781 2.1187407970428466797 1.1739356517791748047 0.26100766658782958984 0.65431261062622070312 0.72736680507659912109 0.57363969087600708008
0.22980970144271850586 0.17765837907791137695 0.125 0.15103808045387268066 0.3259601294994354248 0.4759858250617980957 0.43767854571342468262 0.3087272346019744873 0.12747548520565032959 0.050000000745058059692 0.050000000745058059692 0.13462911546230316162 0.21360009908676147461 0.16770510375499725342 0.079056940972805023193 0.050000000745058059692 0.050000000745058059692 0.053033009171485900879 0.07500000298023223877 0.15811388194561004639 0.18027757108211517334 0.17677669227123260498 0.17765837907791137695 0.10606601834297180176 0.017677670344710350037 0.055901698768138885498 0.15909902751445770264 0.32015621662139892578 0.46970736980438232422 0.44194173812866210938 0.30103987455368041992 0.30516389012336730957 0.53033006191253662109 0.74330341815948486328 1.0259141921997070312 1.5228468179702758789 2.1014876365661621094 2 1.0608074665069580078 0.20155644416809082031 0.88670736551284790039 0.68784081935882568359
0.34003674983978271484 0.548862457275390625 0.57716983556747436523 0.50062459707260131836 0.36271545290946960449 0.17677669227123260498 0.09013878554105758667 0.22360679507255554199 0.48283019661903381348 0.61288255453109741211 0.55509006977081298828 0.39528471231460571289 0.22638462483882904053 0.1629800647497177124 0.079056940972805023193 0.050000000745058059692 0.079056940972805023193 0.14577379822731018066 0.21505813300609588623 0.28339460492134094238 0.25 0.18027757108211517334 0.17677669227123260498 0.16770510375499725342 0.17677669227123260498 0.1520690619945526123 0.111803397536277771 0.125 0.14577379822731018066 0.12869538366794586182 0.111803397536277771 0.12747548520565032959 0.2404423058032989502 0.40350031852722167969 0.63368958234786987305 1.1164956092834472656 1.6043884754180908203 1.8331154584884643555 1.7589946985244750977 0.74204111099243164062 0.65192025899887084961 0.97371709346771240234
0.69304579496383666992 0.80253505706787109375 0.73845279216766357422 0.73186403512954711914 0.71785271167755126953 0.72886896133422851562 0.68761360645294189453 0.8338540196418762207 1.0375752449035644531 0.95131486654281616211 0.77540314197540283203 0.60466933250427246094 0.40697050094604492188 0.3259601294994354248 0.28777161240577697754 0.25124689936637878418 0.21578346192836761475 0.2404423058032989502 0.30516389012336730957 0.39250797033309936523 0.40388736128807067871 0.36443448066711425781 0.30052039027214050293 0.30207616090774536133 0.3127498924732208252 0.30923292040824890137 0.25 0.21360009908676147461 0.18027757108211517334 0.17765837907791137695 0.19764235615730285645 0.16770510375499725342 0.20155644416809082031 0.30103987455368041992 0.42756578326225280762 0.87321245670318603516 1.2651580572128295898 1.4285044670104980469 1.7945228815078735352 1.4279574155807495117 0.10307764261960983276 0.78282344341278076172
0.60518592596054077148 0.64080029726028442383 0.51478153467178344727 0.65215986967086791992 0.58843010663986206055 0.61262756586074829102 0.67684930562973022461 0.72111028432846069336 0.81490027904510498047 0.67684930562973022461 0.76526141166687011719 0.63860201835632324219 0.45859840512275695801 0.41268935799598693848 0.38931030035018920898 0.34865814447402954102 0.25124689936637878418 0.18456028401851654053 0.20155644416809082031 0.30052039027214050293 0.25310570001602172852 0.17499999701976776123 0.13806700706481933594 0.18027757108211517334 0.19039432704448699951 0.31474196910858154297 0.37583240866661071777 0.3127498924732208252 0.18791620433330535889 0.14142136275768280029 0.14577379822731018066 0.16007810831069946289 0.3186887204647064209 0.40812069177627563477 0.35355338454246520996 0.45069390535354614258 0.88899523019790649414 1.2905910015106201172 1.7365554571151733398 1.8105592727661132812 1.1582584381103515625 0.79941385984420776367
1.2562344074249267578 0.66918796300888061523 0.52350980043411254883 0.34003674983978271484 0.45173278450965881348 0.63245552778244018555 0.66191011667251586914 0.42720019817352294922 0.58550190925598144531 0.21578346192836761475 0.6075051426887512207 0.625 0.59424322843551635742 0.50031238794326782227 0.36400550603866577148 0.32499998807907104492 0.3186887204647064209 0.32882365584373474121 0.27669930458068847656 0.20691181719303131104 0.20691181719303131104 0.12747548520565032959 0.07500000298023223877 0.18791620433330535889 0.31324911117553710938 0.42720019817352294922 0.55000001192092895508 0.56926488876342773438 0.53033006191253662109 0.40078049898147583008 0.23048861324787139893 0.22980970144271850586 0.39528471231460571289 0.51265239715576171875 0.58148515224456787109 0.5376453399658203125 0.42500001192092895508 0.85513156652450561523 1.3163633346557617188 1.645543217658996582 1.8195122480392456055 2.1273515224456787109
2.5983769893646240234 2.0543398857116699219 1.2130798101425170898 0.64903777837753295898 0.71589106321334838867 1.077032923698425293 1.0371234416961669922 0.73590928316116333008 0.56678920984268188477 0.40311288833618164062 0.60337591171264648438 0.58309519290924072266 0.51387012004852294922 0.50311529636383056641 0.46703854203224182129 0.54112154245376586914 0.63762253522872924805 0.74603116512298583984 0.86692702770233154297 0.88829189538955688477 0.77661120891571044922 0.62549978494644165039 0.45620718598365783691 0.41608291864395141602 0.67268121242523193359 0.66544157266616821289 0.62549978494644165039 0.67684930562973022461 0.77661120891571044922 0.80409109592437744141 0.63368958234786987305 0.33957692980766296387 0.29261749982833862305 0.41420105099678039551 0.41268935799598693848 0.1952562481164932251 0.18027757108211517334 0.51265239715576171875 0.75519037246704101562 1.0345591306686401367 1.3625572919845581055 1.4853451251983642578
2.1515257358551025391 2.3465399742126464844 2.3044793605804443359 2.016262054443359375 1.6343959569931030273 1.2554879188537597656 0.99152660369873046875 0.79569154977798461914 0.66567635536193847656 0.8450222015380859375 0.94240385293960571289 0.86692702770233154297 0.65622025728225708008 0.70644354820251464844 0.83833914995193481445 0.91258561611175537109 0.96452707052230834961 1.1490485668182373047 1.4673531055450439453 1.7544585466384887695 1.7450823783874511719 1.3601469993591308594 0.85750365257263183594 0.33354160189628601074 0.67198401689529418945 0.58763295412063598633 0.54457551240921020508 0.61262756586074829102 0.625 0.69146585464477539062 0.80641955137252807617 0.79549515247344970703 0.72132688760757446289 0.51538819074630737305 0.30052039027214050293 0.21286733448505401611 0.19039432704448699951 0.3905124962329864502 0.57063561677932739258 0.72132688760757446289 0.60207974910736083984 0.19764235615730285645
1.5195599794387817383 1.6644256114959716797 1.9799778461456298828 2.2804877758026123047 2.1148285865783691406 1.4916434288024902344 1.2595882415771484375 1.0816653966903686523 0.88670736551284790039 0.89250349998474121094 0.83009791374206542969 1.0398317575454711914 1.0198038816452026367 1.0511897802352905273 1.0375752449035644531 0.91463792324066162109 0.8450222015380859375 1.0230163335800170898 1.3422229290008544922 1.4279574155807495117 1.3428049087524414062 1.2064929008483886719 0.81738913059234619141 0.26279744505882263184 0.50062459707260131836 0.56926488876342773438 0.30052039027214050293 0.125 0.12747548520565032959 0.18791620433330535889 0.46401777863502502441 0.81336492300033569336 1.0713601112365722656 1.125 0.97628122568130493164 0.77540314197540283203 0.67915385961532592773 0.51629692316055297852 0.27613401412963867188 0.55509006977081298828 1.3892444372177124023 1.8374575376510620117
1.7557939291000366211 1.6867127418518066406 1.6134202480316162109 1.5677411556243896484 1.5203824043273925781 1.6086679697036743164 1.9619027376174926758 2.0483224391937255859 1.4328730106353759766 0.81432485580444335938 0.50311529636383056641 0.60466933250427246094 0.7883923649787902832 0.93758332729339599609 0.87339138984680175781 0.68761360645294189453 0.43660622835159301758 0.69507193565368652344 0.90017360448837280273 0.3087272346019744873 0.9194087982177734375 1.1928170919418334961 0.62474995851516723633 0.55056786537170410156 0.52201533317565917969 0.24558603763580322266 0.4433536827564239502 0.53033006191253662109 0.48894017934799194336 0.3363406062126159668 0.38078865408897399902 0.62774395942687988281 0.79155701398849487305 0.83759325742721557617 0.95524865388870239258 1.062573552131652832 1.1543396711349487305 1.2141097784042358398 1.4304718971252441406 2.5279686450958251953 3.7062869071960449219 3.6885380744934082031
1.0253047943115234375 1.4735162258148193359 1.4888124465942382812 1.4346166849136352539 1.369876861572265625 1.488497614860534668 2.0461091995239257812 2.4164152145385742188 1.969295501708984375 0.97371709346771240234 0.48541221022605895996 0.39250797033309936523 0.95867747068405151367 1.1375687122344970703 1.000780940055847168 0.80039054155349731445 0.4348131716251373291 0.76342159509658813477 0.45961940288543701172 0.36400550603866577148 0.56926488876342773438 1.0470196008682250977 1.3533523082733154297 0.93340772390365600586 0.67684930562973022461 0.5836308598518371582 0.3259601294994354248 0.10307764261960983276 0.16770510375499725342 0.45893898606300354004 0.64055639505386352539 0.60207974910736083984 0.35089170932769775391 0.14252193272113800049 0.32499998807907104492 0.625 1.0285000801086425781 1.3969833850860595703 2.0159521102905273438 3.3369615077972412109 3.6975076198577880859 2.9854857921600341797
1.458273768424987793 1.1543396711349487305 1.6402171850204467773 1.6971483230590820312 1.7088007926940917969 1.5750000476837158203 1.4379889965057373047 1.700183868408203125 1.9542422294616699219 1.450215458869934082 0.7986316680908203125 0.9818668365478515625 1.3939602375030517578 1.2064929008483886719 1.2747548818588256836 0.98520302772521972656 0.78262376785278320312 0.97082442045211791992 0.4680411219596862793 0.30103987455368041992 0.6075051426887512207 1.1294356584548950195 1.3528903722763061523 0.84280037879943847656 0.625 0.75020831823348999023 0.8095137476921081543 0.81432485580444335938 0.61288255453109741211 0.28777161240577697754 0.53967583179473876953 0.69033503532409667969 0.57906174659729003906 0.51478153467178344727 0.48088461160659790039 0.52470231056213378906 1.0435816049575805664 1.5092424154281616211 2.2209231853485107422 3.0520997047424316406 2.6531231403350830078 1.6081821918487548828
3.6209459304809570312 1.6994484663009643555 2.0171916484832763672 2.4228727817535400391 2.4193232059478759766 2.1213202476501464844 1.6081821918487548828 1.612160801887512207 1.9953069686889648438 1.9288921356201171875 1.4230248928070068359 1.5597475767135620117 1.3721561431884765625 0.92280143499374389648 1.3867678642272949219 1.0327451229095458984 0.89022469520568847656 0.93608224391937255859 1.009021759033203125 0.61745446920394897461 0.87909752130508422852 0.4650268852710723877 1.0404325723648071289 1.0470196008682250977 0.81336492300033569336 0.69664371013641357422 0.75663727521896362305 0.85440039634704589844 0.78262376785278320312 0.54600822925567626953 0.37291085720062255859 0.49117207527160644531 0.35794553160667419434 0.43337339162826538086 0.52231454849243164062 0.61262756586074829102 1.1294356584548950195 1.6090563535690307617 2.1266903877258300781 2.5836625099182128906 2.1680204868316650391 1.3428049087524414062
4.7112894058227539062 3.5008034706115722656 2.1692452430725097656 3.1812930107116699219 3.564495086669921875 3.1716024875640869141 2.5325999259948730469 2.3706538677215576172 2.6073215007781982422 2.6327266693115234375 2.6410818099975585938 2.7751126289367675781 1.9525624513626098633 1.3439680337905883789 1.369876861572265625 1.0431323051452636719 0.80506211519241333008 0.72500002384185791016 0.9818668365478515625 0.64517438411712646484 0.51265239715576171875 0.47565743327140808105 0.72564625740051269531 1.3840610980987548828 1.2349089384078979492 0.75208044052124023438 0.57499998807907104492 0.66261792182922363281 0.63860201835632324219 0.58523499965667724609 0.5 0.61972779035568237305 0.76096159219741821289 0.96063131093978881836 0.89390295743942260742 0.53677278757095336914 0.83982884883880615234 2.1552262306213378906 2.9421505928039550781 2.4870288372039794922 1.8805750608444213867 1.3347518444061279297
4.3895473480224609375 4.9960298538208007812 3.0044238567352294922 2.6570661067962646484 3.3535895347595214844 3.4939680099487304688 3.0360851287841796875 2.6554777622222900391 2.7269487380981445312 2.8463244438171386719 3.3599200248718261719 3.1881127357482910156 2.5427594184875488281 2.0791373252868652344 1.5550321340560913086 1.1198493242263793945 0.95818841457366943359 0.69327121973037719727 0.90588355064392089844 0.88547301292419433594 0.125 0.74204111099243164062 0.63245552778244018555 0.46703854203224182129 1.1801748275756835938 1.2355413436889648438 0.75931710004806518555 0.65407377481460571289 0.38890874385833740234 0.51387012004852294922 0.59424322843551635742 0.67268121242523193359 0.94505292177200317383 1.0612492561340332031 0.90346556901931762695 0.72801101207733154297 0.60207974910736083984 2.4395823478698730469 3.89298248291015625 2.7584528923034667969 1.8331154584884643555 1.5264337062835693359
3.1036269664764404297 5.2196741104125976562 4.9022955894470214844 2.9572474956512451172 2.7473850250244140625 3.4699604511260986328 3.5274372100830078125 3.4173271656036376953 3.3664708137512207031 3.250240325927734375 3.281005859375 2.7373001575469970703 2.7753942012786865234 2.6695623397827148438 2.2762358188629150391 1.7314192056655883789 1.5399878025054931641 1.4651151895523071289 1.7867568731307983398 2.1442511081695556641 1.4234640598297119141 0.25739076733589172363 0.78918468952178955078 0.77661120891571044922 0.053033009171485900879 0.73250424861907958984 0.80777472257614135742 0.67314559221267700195 0.41268935799598693848 0.57987070083618164062 0.65215986967086791992 0.90502071380615234375 1.2552390098571777344 1.3453624248504638672 1.0688779354095458984 1.0398317575454711914 0.90294659137725830078 2.8969812393188476562 4.4592599868774414062 3.1349840164184570312 2.0286233425140380859 1.7896403074264526367
