data/cz/cz_slope_1000_32633_etrs89-utm33n.asc
ncols        499
nrows        285
xllcorner    285360.589657212957
yllcorner    5378116.132637160830
cellsize     1000.000000000000
NODATA_value -9999
[rows 95 to 113 of 285, columns 0 to 41 of 499]
-9999 -9999 -9999 -9999 -9999 -9999 -9999 -9999 -9999 -9999 -9999 -9999 -9999 1.1845357418060302734 1.963733673095703125 1.7278960943222045898 3.7653851509094238281 1.6251922845840454102 -9999 -9999 -9999 -9999 -9999 -9999 -9999 -9999 -9999 2.2561028003692626953 2.5466277599334716797 2.0860400199890136719 2.2131707668304443359 4.140689849853515625 5.73639678955078125 3.1450853347778320312 1.0783377885818481445 1.0411832332611083984 2.7129895687103271484 2.6540653705596923828 2.0292394161224365234 3.9183063507080078125 3.9135181903839111328 3.7021107673645019531
-9999 -9999 -9999 -9999 -9999 -9999 -9999 -9999 -9999 -9999 -9999 -9999 -9999 -9999 1.8221725225448608398 1.5323592424392700195 2.5061175823211669922 0.90346556901931762695 2.5510413646697998047 -9999 -9999 -9999 -9999 -9999 -9999 1.7364655733108520508 1.4595589637756347656 1.3983248472213745117 1.3550829887390136719 1.2924057245254516602 1.4055693149566650391 2.3900837898254394531 4.8400025367736816406 4.6391339302062988281 0.95867747068405151367 1.1319231986999511719 1.3550829887390136719 2.2726635932922363281 2.2260532379150390625 3.8518259525299072266 4.4250707626342773438 3.1626729965209960938
-9999 -9999 -9999 -9999 -9999 -9999 -9999 -9999 -9999 -9999 -9999 -9999 -9999 -9999 -9999 1.4547336101531982422 0.82006096839904785156 2.0953817367553710938 2.6872384548187255859 -9999 -9999 -9999 -9999 -9999 -9999 2.5706274509429931641 1.6763986349105834961 1.009021759033203125 0.72672212123870849609 0.58576869964599609375 0.8450222015380859375 1.4630874395370483398 3.6786546707153320312 5.2967267036437988281 2.6185038089752197266 1.14044952392578125 0.51538819074630737305 1.36850738525390625 1.1581234931945800781 2.8920688629150390625 3.4706807136535644531 3.4389770030975341797
-9999 -9999 -9999 -9999 -9999 -9999 -9999 -9999 -9999 -9999 -9999 -9999 -9999 -9999 -9999 1.4252192974090576172 1.0776131153106689453 1.1198493242263793945 1.6905989646911621094 -9999 -9999 -9999 -9999 -9999 -9999 2.8681440353393554688 1.668270111083984375 0.83553874492645263672 0.59002119302749633789 0.56180512905120849609 0.52350980043411254883 0.79155701398849487305 2.6940326690673828125 5.1684136390686035156 3.6783573627471923828 1.1000000238418579102 1.1101801395416259766 1.343619227409362793 1.2704576253890991211 2.6958880424499511719 2.7749435901641845703 3.0867660045623779297
-9999 -9999 -9999 -9999 -9999 -9999 -9999 -9999 -9999 -9999 -9999 -9999 -9999 -9999 -9999 -9999 2.6230945587158203125 3.0501024723052978516 3.1009070873260498047 -9999 -9999 -9999 -9999 -9999 -9999 2.2135944366455078125 2.1821005344390869141 1.0254572629928588867 0.68852198123931884766 0.62649822235107421875 0.65192025899887084961 0.50621140003204345703 1.7651133537292480469 4.4112429618835449219 4.2850027084350585938 2.4029278755187988281 2.35279083251953125 2.1161580085754394531 2.1926724910736083984 3.2138857841491699219 3.3559648990631103516 3.3386468887329101562
-9999 -9999 -9999 -9999 -9999 -9999 -9999 -9999 -9999 -9999 -9999 -9999 -9999 -9999 -9999 -9999 2.5040593147277832031 3.0993950366973876953 3.6400549411773681641 -9999 -9999 -9999 -9999 -9999 -9999 1.8828999996185302734 2.6100766658782958984 1.5954035520553588867 0.65788489580154418945 0.60955923795700073242 0.72822558879852294922 0.54457551240921020508 0.99152660369873046875 3.0139777660369873047 3.9403362274169921875 2.9992706775665283203 2.4042279720306396484 2.6658136844635009766 4.1921429634094238281 4.4204778671264648438 3.6763176918029785156 3.0184848308563232422
-9999 -9999 -9999 -9999 -9999 -9999 -9999 -9999 -9999 -9999 -9999 -9999 -9999 -9999 -9999 -9999 1.9023833274841308594 2.5894014835357666016 3.3341510295867919922 3.6791644096374511719 -9999 -9999 -9999 -9999 -9999 3.0269622802734375 2.9917595386505126953 1.681610107421875 0.87642741203308105469 0.68647652864456176758 0.65192025899887084961 0.37955567240715026855 0.71980899572372436523 1.6435480117797851562 2.7159826755523681641 3.4183785915374755859 2.8801584243774414062 3.3174726963043212891 3.9435470104217529297 3.6423292160034179688 2.9464490413665771484 2.2683281898498535156
-9999 -9999 -9999 -9999 -9999 -9999 -9999 -9999 -9999 -9999 -9999 -9999 -9999 -9999 -9999 -9999 1.3806700706481933594 2.1840329170227050781 3.0509219169616699219 3.3630807399749755859 -9999 -9999 -9999 -9999 -9999 1.9931914806365966797 1.5955015420913696289 0.76526141166687011719 0.69033503532409667969 0.81490027904510498047 0.6187184453010559082 0.34865814447402954102 0.6993300318717956543 0.98947584629058837891 1.4887075424194335938 3.0377829074859619141 3.0088410377502441406 1.1679308414459228516 1.3606064319610595703 2.1625361442565917969 1.3290033340454101562 0.72132688760757446289
-9999 -9999 -9999 -9999 -9999 -9999 -9999 -9999 -9999 -9999 -9999 -9999 -9999 -9999 -9999 -9999 1.9099247455596923828 1.9634950160980224609 1.6571813821792602539 1.8256847858428955078 2.0320093631744384766 2.1149764060974121094 2.0378451347351074219 1.9733378887176513672 1.8187392950057983398 1.5495966672897338867 1.0285000801086425781 0.625 0.68942910432815551758 0.83982884883880615234 0.74330341815948486328 0.53180116415023803711 0.70378440618515014648 0.86204695701599121094 0.69731628894805908203 1.5863677263259887695 2.5836625099182128906 1.8885344266891479492 0.91991847753524780273 2.9451761245727539062 1.737545013427734375 0.11858541518449783325
-9999 -9999 -9999 -9999 -9999 -9999 -9999 -9999 -9999 -9999 -9999 -9999 -9999 -9999 -9999 -9999 2.3495345115661621094 1.9796621799468994141 1.2369316816329956055 1.0298664569854736328 1.1581234931945800781 1.5909903049468994141 1.9091882705688476562 1.9474341869354248047 1.6224980354309082031 1.2966302633285522461 0.9276987910270690918 0.6993300318717956543 0.62274593114852905273 0.4759858250617980957 0.64250487089157104492 0.62274593114852905273 0.73015409708023071289 0.84944832324981689453 0.5199158787727355957 0.74582171440124511719 2.6251189708709716797 2.7756192684173583984 1.8309834003448486328 3.7604022026062011719 2.2461771965026855469 1.4138820171356201172
-9999 -9999 -9999 -9999 -9999 -9999 -9999 -9999 -9999 -9999 -9999 -9999 -9999 -9999 -9999 -9999 1.5416103601455688477 1.1490485668182373047 0.91872876882553100586 1.2673791646957397461 1.9901318550109863281 2.5003125667572021484 2.4792261123657226562 2.0538074970245361328 1.3939602375030517578 0.91001373529434204102 0.75663727521896362305 0.66825330257415771484 0.51387012004852294922 0.25310570001602172852 0.218660697340965271 0.52021628618240356445 0.80039054155349731445 0.99010729789733886719 0.65192025899887084961 0.64055639505386352539 2.3553795814514160156 2.9035000801086425781 2.9749999046325683594 3.2551882266998291016 1.6298005580902099609 1.2161670923233032227
-9999 -9999 -9999 -9999 -9999 -9999 -9999 -9999 -9999 -9999 -9999 -9999 -9999 -9999 -9999 1.4467636346817016602 1.9962464570999145508 1.1125701665878295898 0.70178341865539550781 1.5063407421112060547 2.4872174263000488281 2.7654678821563720703 2.4377243518829345703 1.842043757438659668 1.2905910015106201172 0.8338540196418762207 0.5836308598518371582 0.63245552778244018555 0.46670386195182800293 0.21360009908676147461 0.070710681378841400146 0.28777161240577697754 0.68942910432815551758 1.0719432830810546875 0.98947584629058837891 1.0887205600738525391 2.1610906124114990234 3.3608498573303222656 2.4945566654205322266 0.96501296758651733398 1.2850097417831420898 1.2948213815689086914
-9999 -9999 -9999 -9999 -9999 -9999 -9999 -9999 -9999 -9999 -9999 -9999 -9999 -9999 -9999 2.2453424930572509766 1.8928319215774536133 1.09772491455078125 1.7442764043807983398 2.5281538963317871094 2.4582133293151855469 1.7855321168899536133 1.2279301881790161133 0.90138781070709228516 0.81336492300033569336 0.77862060070037841797 0.68213820457458496094 0.74246209859848022461 0.70799010992050170898 0.58843010663986206055 0.54112154245376586914 0.57118296623229980469 0.64999997615814208984 0.98234415054321289062 1.25 1.3642764091491699219 1.4357054233551025391 1.5444456338882446289 1.7125456333160400391 1.4934231042861938477 2.1567480564117431641 2.9087152481079101562
-9999 -9999 -9999 -9999 -9999 -9999 -9999 -9999 -9999 -9999 -9999 -9999 -9999 -9999 -9999 -9999 -9999 3.1976554393768310547 3.3732864856719970703 2.8760323524475097656 1.3829317092895507812 0.61568051576614379883 0.81624138355255126953 0.9022541046142578125 0.86692702770233154297 0.45069390535354614258 0.37790539860725402832 0.5836308598518371582 0.39131188392639160156 0.13806700706481933594 0.17677669227123260498 0.26575365662574768066 0.1952562481164932251 0.35575622320175170898 0.46670386195182800293 0.19764235615730285645 0.30413812398910522461 1.6719187498092651367 3.0269622802734375 2.2495138645172119141 2.2451336383819580078 3.4993302822113037109
-9999 -9999 -9999 -9999 -9999 -9999 -9999 -9999 -9999 -9999 -9999 -9999 -9999 -9999 -9999 -9999 -9999 -9999 2.7313001155853271484 1.2699655294418334961 0.28559148311614990234 0.70400637388229370117 0.94091045856475830078 1.1319231986999511719 1.3295911550521850586 1.3776111602783203125 1.0327451229095458984 0.5376453399658203125 0.46401777863502502441 0.85036754608154296875 1.0995737314224243164 1.2272937297821044922 1.2161670923233032227 1.0119597911834716797 0.99530148506164550781 1.6206673383712768555 1.8719141483306884766 1.9661192893981933594 2.9035000801086425781 2.2097795009613037109 2.1914606094360351562 3.6159801483154296875
-9999 -9999 -9999 -9999 -9999 -9999 -9999 -9999 -9999 -9999 -9999 -9999 -9999 -9999 -9999 -9999 -9999 -9999 -9999 0.6187184453010559082 0.52737557888031005859 0.1629800647497177124 0.3363406062126159668 0.52499997615814208984 0.64055639505386352539 1.4358142614364624023 1.6007810831069946289 0.95344769954681396484 0.88670736551284790039 1.0285000801086425781 1.2130798101425170898 1.4008926153182983398 1.3821405172348022461 1.1975234746932983398 0.98393344879150390625 1.2379418611526489258 1.006541132926940918 1.3640472888946533203 2.4830048084259033203 2.9202954769134521484 3.5004017353057861328 4.3744287490844726562
-9999 -9999 -9999 -9999 -9999 -9999 -9999 -9999 -9999 -9999 -9999 -9999 -9999 -9999 -9999 -9999 -9999 -9999 -9999 -9999 2.6648757457733154297 2.621128082275390625 2.4172556400299072266 1.4917480945587158203 0.46670386195182800293 0.88758802413940429688 1.2451153993606567383 0.67661845684051513672 1.0845506191253662109 0.98900204896926879883 0.78142499923706054688 0.55226802825927734375 0.93407708406448364258 0.73527204990386962891 0.625 0.57363969087600708008 0.35399505496025085449 1.1142542362213134766 2.8966035842895507812 4.2398409843444824219 4.6528553962707519531 4.7741489410400390625
-9999 -9999 -9999 -9999 -9999 -9999 -9999 -9999 -9999 -9999 -9999 -9999 -9999 -9999 -9999 -9999 -9999 -9999 -9999 -9999 5.6491427421569824219 6.0018749237060546875 5.5390939712524414062 3.8739917278289794922 1.7734147310256958008 1.0608074665069580078 0.97483974695205688477 1.1243053674697875977 1.2905910015106201172 0.91327023506164550781 0.48541221022605895996 0.50621140003204345703 1.0446290969848632812 0.21360009908676147461 1.0266754627227783203 0.7707545161247253418 0.3087272346019744873 1.3625572919845581055 4.3047938346862792969 5.7864336967468261719 5.2621583938598632812 4.739231109619140625
-9999 -9999 -9999 -9999 -9999 -9999 -9999 -9999 -9999 -9999 -9999 -9999 -9999 -9999 -9999 -9999 -9999 -9999 -9999 -9999 3.7513329982757568359 2.7897691726684570312 3.1081545352935791016 3.4051890373229980469 2.5329084396362304688 2.1302142143249511719 1.8507599830627441406 1.2125644683837890625 0.65215986967086791992 0.60052061080932617188 1.1276358366012573242 1.2325025796890258789 0.77962332963943481445 0.45620718598365783691 1.1236102581024169922 0.52559489011764526367 0.72500002384185791016 1.2161670923233032227 5.1918506622314453125 6.9274139404296875 5.5387835502624511719 4.690216064453125
