data/cz/cz_slope_1000_32633_etrs89-utm33n.asc
ncols        499
nrows        285
xllcorner    285360.589657212957
yllcorner    5378116.132637160830
cellsize     1000.000000000000
NODATA_value -9999
[rows 95 to 113 of 285, columns 252 to 293 of 499]
0.30923292040824890137 0.15909902751445770264 0.24558603763580322266 0.40350031852722167969 0.57008773088455200195 0.88969796895980834961 0.45961940288543701172 0.67314559221267700195 0.70378440618515014648 0.26925823092460632324 0.46670386195182800293 0.98821175098419189453 0.94107651710510253906 0.60466933250427246094 0.25739076733589172363 0.36784848570823669434 0.72132688760757446289 1.15122222900390625 1.0404325723648071289 0.7721722722053527832 0.86204695701599121094 0.44300112128257751465 0.14252193272113800049 0.40311288833618164062 0.48541221022605895996 0.29154759645462036133 0.26279744505882263184 0.48250648379325866699 0.67754149436950683594 0.49307706952095031738 0.050000000745058059692 0.33957692980766296387 0.61745446920394897461 0.44721359014511108398 0.4759858250617980957 0.91872876882553100586 0.49021679162979125977 0.53297513723373413086 0.93708324432373046875 0.99388754367828369141 1.5789632797241210938 2.3838651180267333984
0.13806700706481933594 0.31324911117553710938 0.50280463695526123047 0.60130065679550170898 0.57254910469055175781 0.45173278450965881348 0.67915385961532592773 0.9222933650016784668 0.49780768156051635742 0.26925823092460632324 0.74351364374160766602 0.88829189538955688477 0.99136900901794433594 1.0982941389083862305 1.1426395177841186523 1.0914440155029296875 0.96468907594680786133 1.0910143852233886719 0.8553142547607421875 0.76750409603118896484 0.80622577667236328125 0.35399505496025085449 0.1629800647497177124 0.28284272551536560059 0.47762432694435119629 0.43011626601219177246 0.28559148311614990234 0.41231057047843933105 0.42500001192092895508 0.48541221022605895996 0.42463219165802001953 0.38242647051811218262 0.74582171440124511719 0.74603116512298583984 0.72886896133422851562 1.1817624568939208984 0.63245552778244018555 0.70644354820251464844 1.3308831453323364258 1.5670434236526489258 1.9158059358596801758 2.7559595108032226562
0.94290113449096679688 1.0920164585113525391 1.0854146480560302734 1.0446290969848632812 0.68236720561981201172 0.26100766658782958984 0.50280463695526123047 0.34141251444816589355 0.45995923876762390137 1.0900114774703979492 0.83852547407150268555 0.48283019661903381348 1.3021616935729980469 1.4547336101531982422 0.70378440618515014648 0.86204695701599121094 1.3038405179977416992 1.3509255647659301758 0.94140851497650146484 0.79941385984420776367 0.70044630765914916992 0.29261749982833862305 0.218660697340965271 0.26516503095626831055 0.46670386195182800293 0.60337591171264648438 0.67314559221267700195 0.68030321598052978516 0.45449146628379821777 0.20155644416809082031 0.35794553160667419434 0.72672212123870849609 0.82405251264572143555 0.42500001192092895508 0.45859840512275695801 1.2640460729598999023 0.7883923649787902832 0.73079580068588256836 1.8385626077651977539 2.0471014976501464844 2.3600847721099853516 3.1490573883056640625
1.1327511072158813477 1.0262187719345092773 1.2345292568206787109 1.0277402400970458984 0.65431261062622070312 0.75041657686233520508 0.45961940288543701172 0.27500000596046447754 1.0471688508987426758 1.1732699871063232422 0.62774395942687988281 0.16770510375499725342 1.3894692659378051758 1.5524175167083740234 0.64055639505386352539 1.3667937517166137695 1.5705293416976928711 1.3473353385925292969 1.077032923698425293 0.85036754608154296875 0.53180116415023803711 0.18791620433330535889 0.22360679507255554199 0.21578346192836761475 0.21360009908676147461 0.4650268852710723877 0.9112148284912109375 0.94339811801910400391 0.54227530956268310547 0.44194173812866210938 0.50621140003204345703 0.90898293256759643555 1.011496424674987793 0.90156114101409912109 1.1125701665878295898 1.3925021886825561523 0.72111028432846069336 0.61058372259140014648 1.9448649883270263672 2.7285528182983398438 2.4996249675750732422 3.0062954425811767578
1.2650345563888549805 0.80700063705444335938 0.33354160189628601074 0.20615528523921966553 0.75041657686233520508 0.86476153135299682617 0.51265239715576171875 0.3860861361026763916 1.1858540773391723633 1.0845506191253662109 0.52350980043411254883 0.56678920984268188477 1.2776932716369628906 1.6087650060653686523 0.94157445430755615234 1.597263336181640625 1.5572412014007568359 1.2556123733520507812 1.057857513427734375 0.74603116512298583984 0.36443448066711425781 0.11319231241941452026 0.15811388194561004639 0.15000000596046447754 0.14577379822731018066 0.30103987455368041992 0.72672212123870849609 1.0547511577606201172 1.1963486671447753906 1.1142542362213134766 1.0040543079376220703 1.2022114992141723633 1.4557000398635864258 1.4467636346817016602 1.2177078723907470703 0.9022541046142578125 0.15909902751445770264 0.37583240866661071777 1.2355413436889648438 2.8957943916320800781 4.0024991035461425781 3.7443706989288330078
1.1975234746932983398 0.3972562253475189209 0.70178341865539550781 0.74267256259918212891 0.5350233912467956543 0.625 0.73824113607406616211 0.055901698768138885498 0.94554877281188964844 1.0789172649383544922 0.83852547407150268555 0.48250648379325866699 1.0162738561630249023 1.1928170919418334961 0.48541221022605895996 1.5542280673980712891 1.2933725118637084961 0.85018378496170043945 0.72672212123870849609 0.53851646184921264648 0.25 0.11319231241941452026 0.095197163522243499756 0.072886899113655090332 0.09013878554105758667 0.14577379822731018066 0.32258719205856323242 0.43337339162826538086 0.52470231056213378906 0.62774395942687988281 0.79155701398849487305 0.97243249416351318359 1.1067972183227539062 1.1067972183227539062 0.78997623920440673828 0.19764235615730285645 0.3905124962329864502 0.42019340395927429199 0.4759858250617980957 2.0396077632904052734 4.7241730690002441406 5.1954607963562011719
0.92803555727005004883 0.78142499923706054688 0.88388347625732421875 0.85330241918563842773 0.70044630765914916992 0.41382363438606262207 0.57716983556747436523 0.25 0.85677444934844970703 0.59634304046630859375 0.1952562481164932251 0.55255091190338134766 1.3848510980606079102 0.8189169764518737793 0.83833914995193481445 1.625 1.09772491455078125 0.63664156198501586914 0.59292703866958618164 0.48088461160659790039 0.22980970144271850586 0.12747548520565032959 0.11858541518449783325 0.125 0.18027757108211517334 0.218660697340965271 0.23048861324787139893 0.21213203668594360352 0.19039432704448699951 0.17410485446453094482 0.11858541518449783325 0.17765837907791137695 0.39250797033309936523 0.55056786537170410156 0.53150731325149536133 0.54600822925567626953 0.42500001192092895508 0.2744312286376953125 0.35531675815582275391 1.3308831453323364258 4.37778472900390625 6.23317718505859375
0.74351364374160766602 0.87767446041107177734 0.83441597223281860352 0.88829189538955688477 0.95524865388870239258 0.92635035514831542969 0.80777472257614135742 0.37165170907974243164 0.97532045841217041016 0.26100766658782958984 0.40697050094604492188 0.77661120891571044922 1.2759799957275390625 1.1035454273223876953 1.4866068363189697266 1.4963496923446655273 0.93038970232009887695 0.63664156198501586914 0.58443349599838256836 0.42463219165802001953 0.15103808045387268066 0.17410485446453094482 0.40658640861511230469 0.52559489011764526367 0.60955923795700073242 0.65215986967086791992 0.6187184453010559082 0.57906174659729003906 0.57363969087600708008 0.56263887882232666016 0.57716983556747436523 0.55056786537170410156 0.31474196910858154297 0.18791620433330535889 0.4759858250617980957 0.67384159564971923828 0.72500002384185791016 0.58576869964599609375 0.39131188392639160156 0.82405251264572143555 3.0985884666442871094 6.2725839614868164062
0.93824970722198486328 0.93958103656768798828 0.85586214065551757812 0.85146933794021606445 0.88069576025009155273 0.85586214065551757812 0.72672212123870849609 0.73335701227188110352 1.2053266763687133789 1.2156530618667602539 1.1375687122344970703 1.2175796031951904297 1.6842097043991088867 1.8027756214141845703 1.559847712516784668 1.2032507658004760742 0.7986316680908203125 0.58763295412063598633 0.42463219165802001953 0.21505813300609588623 0.19764235615730285645 0.76096159219741821289 1.2005207538604736328 1.3006007671356201172 1.2481236457824707031 1.2233407497406005859 1.1502716541290283203 0.96258115768432617188 0.83103853464126586914 0.78759920597076416016 0.77862060070037841797 0.83759325742721557617 0.91872876882553100586 0.67314559221267700195 0.17410485446453094482 0.35399505496025085449 0.6373774409294128418 0.75270348787307739258 0.60955923795700073242 0.56180512905120849609 1.4535516500473022461 4.2797489166259765625
0.7883923649787902832 0.67684930562973022461 0.56263887882232666016 0.42500001192092895508 0.35575622320175170898 0.35575622320175170898 0.31622776389122009277 0.42463219165802001953 0.60518592596054077148 0.60466933250427246094 0.46266889572143554688 0.43660622835159301758 0.59292703866958618164 0.74267256259918212891 0.81432485580444335938 0.79056942462921142578 0.61972779035568237305 0.46097722649574279785 0.26751169562339782715 0.039528470486402511597 0.59817433357238769531 1.1490485668182373047 1.1524430513381958008 0.92280143499374389648 1.0701926946640014648 1.3491895198822021484 1.3753408193588256836 1.1338540315628051758 0.99702680110931396484 1.1002840995788574219 0.99136900901794433594 0.77499997615814208984 0.90311956405639648438 1.1781871318817138672 1.0176565647125244141 0.36055514216423034668 0.32015621662139892578 0.73527204990386962891 0.8232936859130859375 0.6373774409294128418 0.67661845684051513672 2.2883536815643310547
0.17499999701976776123 0.16007810831069946289 0.16770510375499725342 0.22360679507255554199 0.2744312286376953125 0.26925823092460632324 0.29154759645462036133 0.35399505496025085449 0.30052039027214050293 0.2404423058032989502 0.29154759645462036133 0.30207616090774536133 0.21286733448505401611 0.095197163522243499756 0.36912056803703308105 0.46266889572143554688 0.37165170907974243164 0.27041634917259216309 0.14577379822731018066 0.18791620433330535889 0.96501296758651733398 1.3366235494613647461 1.0230163335800170898 0.72672212123870849609 0.78759920597076416016 0.91872876882553100586 0.86186569929122924805 0.88670736551284790039 0.61745446920394897461 0.72154349088668823242 0.80777472257614135742 0.66825330257415771484 0.64735037088394165039 0.7945124506950378418 1.1891436576843261719 1.1348183155059814453 0.41608291864395141602 0.37458309531211853027 0.82253420352935791016 0.89022469520568847656 0.73527204990386962891 1.3867678642272949219
0.42463219165802001953 0.48088461160659790039 0.58550190925598144531 0.6373774409294128418 0.61288255453109741211 0.59817433357238769531 0.66450166702270507812 0.81738913059234619141 0.95671963691711425781 1.0934463739395141602 1.2063633203506469727 1.0511897802352905273 0.67314559221267700195 0.3972562253475189209 0.48250648379325866699 0.41382363438606262207 0.26751169562339782715 0.1952562481164932251 0.1237436830997467041 0.2404423058032989502 1.0285000801086425781 1.3445491790771484375 0.97500002384185791016 0.62774395942687988281 0.57554322481155395508 0.57987070083618164062 0.26751169562339782715 0.74267256259918212891 0.73527204990386962891 0.64831513166427612305 0.67082041501998901367 0.70400637388229370117 0.73186403512954711914 0.70178341865539550781 0.96209406852722167969 1.4231346845626831055 1.2067518234252929688 0.42019340395927429199 0.35575622320175170898 0.7701460719108581543 0.88459032773971557617 1.0995737314224243164
0.5350233912467956543 0.7477048039436340332 1.0407328605651855469 1.2556123733520507812 1.2759799957275390625 1.2313610315322875977 1.3794246912002563477 1.5195599794387817383 1.2869538068771362305 0.85146933794021606445 0.53062462806701660156 0.44511234760284423828 0.78759920597076416016 0.71151244640350341797 0.57906174659729003906 0.41003048419952392578 0.26516503095626831055 0.18027757108211517334 0.111803397536277771 0.18027757108211517334 0.76013976335525512695 1.4758472442626953125 1.7854446172714233398 1.6337265968322753906 1.3268854618072509766 0.93038970232009887695 0.1629800647497177124 0.34323826432228088379 0.74519294500350952148 0.71785271167755126953 0.75519037246704101562 0.83759325742721557617 0.83982884883880615234 0.88758802413940429688 1.0254572629928588867 1.3767035007476806641 1.6086679697036743164 1.0429824590682983398 0.2404423058032989502 0.38160842657089233398 0.70732772350311279297 0.96046864986419677734
0.64347690343856811523 0.90432983636856079102 1.2729150056838989258 1.4791256189346313477 1.5033296346664428711 1.2502499818801879883 1.2048081159591674805 0.99765348434448242188 0.58763295412063598633 0.76342159509658813477 1.1718041896820068359 1.3996651172637939453 1.2446134090423583984 0.88406026363372802734 0.53033006191253662109 0.31819805502891540527 0.21213203668594360352 0.111803397536277771 0.079056940972805023193 0.08838834613561630249 0.2404423058032989502 0.59292703866958618164 0.90017360448837280273 1.0796411037445068359 1.4866068363189697266 1.6425019502639770508 1.3551983833312988281 1.3010812997817993164 1.3125594854354858398 0.90017360448837280273 0.32882365584373474121 0.5065199732780456543 0.55056786537170410156 0.31622776389122009277 0.17410485446453094482 0.48637691140174865723 1.2137236595153808594 1.3630160093307495117 0.74435377120971679688 0.16677080094814300537 0.31474196910858154297 0.64855611324310302734
0.55817782878875732422 0.99765348434448242188 1.2869538068771362305 0.95867747068405151367 0.63368958234786987305 0.51387012004852294922 0.27669930458068847656 0.33354160189628601074 1.0307763814926147461 1.2971122264862060547 1.0783377885818481445 1.0514870882034301758 0.87785249948501586914 0.58763295412063598633 0.32258719205856323242 0.21213203668594360352 0.14142136275768280029 0.063737742602825164795 0.055901698768138885498 0.035355340689420700073 0.31622776389122009277 0.58763295412063598633 0.53967583179473876953 0.45893898606300354004 0.89250349998474121094 1.447951197624206543 1.6770509481430053711 1.7450823783874511719 1.7557049989700317383 1.6267298460006713867 1.1792476177215576172 0.51387012004852294922 0.40697050094604492188 0.52559489011764526367 0.52559489011764526367 0.57581466436386108398 0.55901700258255004883 0.98821175098419189453 0.97082442045211791992 0.55226802825927734375 0.73250424861907958984 0.60130065679550170898
0.62549978494644165039 0.90346556901931762695 0.87642741203308105469 0.68236720561981201172 0.36443448066711425781 0.6964194178581237793 0.6993300318717956543 1.0249999761581420898 1.1502716541290283203 1.2769593000411987305 0.82177400588989257812 0.46097722649574279785 0.36443448066711425781 0.30052039027214050293 0.22150056064128875732 0.18027757108211517334 0.111803397536277771 0.063737742602825164795 0.039528470486402511597 0.10307764261960983276 0.48250648379325866699 0.53062462806701660156 0.22360679507255554199 0.37955567240715026855 0.53851646184921264648 0.70577973127365112305 0.8189169764518737793 0.85311925411224365234 1.0819542407989501953 1.6779824495315551758 1.8265404701232910156 1.1463257074356079102 0.2404423058032989502 0.75270348787307739258 1.1371564865112304688 0.9818668365478515625 0.5836308598518371582 0.64347690343856811523 0.86204695701599121094 0.46670386195182800293 0.7780182957649230957 0.86782777309417724609
0.97419840097427368164 1.0502976179122924805 0.99388754367828369141 0.875 0.53443896770477294922 0.85330241918563842773 1.0483617782592773438 1.0051430463790893555 1.1690006256103515625 1.2556123733520507812 0.88388347625732421875 0.5199158787727355957 0.35794553160667419434 0.26279744505882263184 0.20000000298023223877 0.14252193272113800049 0.063737742602825164795 0.039528470486402511597 0 0.13806700706481933594 0.46097722649574279785 0.44511234760284423828 0.41268935799598693848 0.46266889572143554688 0.51538819074630737305 0.57008773088455200195 0.58843010663986206055 0.59292703866958618164 0.88459032773971557617 1.4496766328811645508 2.0860400199890136719 2.1801662445068359375 1.4910147190093994141 0.4650268852710723877 0.71107316017150878906 1.3428049087524414062 1.3848510980606079102 1.2075284719467163086 1.2053266763687133789 0.6373774409294128418 0.48894017934799194336 0.55000001192092895508
0.92618167400360107422 0.88776403665542602539 1.2375631332397460938 1.3975424766540527344 1.2209115028381347656 1.2219349145889282227 1.1326131820678710938 0.66544157266616821289 0.78501594066619873047 0.95720946788787841797 0.60207974910736083984 0.28559148311614990234 0.17499999701976776123 0.13462911546230316162 0.10307764261960983276 0.079056940972805023193 0.079056940972805023193 0.063737742602825164795 0.025000000372529029846 0.072886899113655090332 0.33587571978569030762 0.49021679162979125977 0.52559489011764526367 0.46401777863502502441 0.42756578326225280762 0.42756578326225280762 0.45173278450965881348 0.48637691140174865723 0.6600189208984375 0.83216583728790283203 1.2562344074249267578 1.8858022689819335938 2.1286733150482177734 1.7544585466384887695 0.66356045007705688477 0.66567635536193847656 1.1063735485076904297 1.2699655294418334961 1.4146554470062255859 1.1544749736785888672 0.09013878554105758667 0.7477048039436340332
0.92533779144287109375 0.76750409603118896484 1.1319231986999511719 1.5891231298446655273 1.662546992301940918 1.3584227561950683594 0.96176922321319580078 0.61058372259140014648 0.5836308598518371582 0.60878980159759521484 0.26100766658782958984 0.070710681378841400146 0.055901698768138885498 0.13806700706481933594 0.14577379822731018066 0.18200275301933288574 0.28777161240577697754 0.38770157098770141602 0.40078049898147583008 0.3186887204647064209 0.15000000596046447754 0.072886899113655090332 0.20155644416809082031 0.218660697340965271 0.1952562481164932251 0.14252193272113800049 0.16007810831069946289 0.27669930458068847656 0.58763295412063598633 0.56374859809875488281 0.50621140003204345703 0.94107651710510253906 1.655011296272277832 2.2249999046325683594 1.4748940467834472656 0.28559148311614990234 0.32499998807907104492 0.68007349967956542969 1.0854146480560302734 1.1571786403656005859 0.74267256259918212891 0.055901698768138885498
