data/cz/cz_slope_1000_32633_etrs89-utm33n.asc
ncols        499
nrows        285
xllcorner    285360.589657212957
yllcorner    5378116.132637160830
cellsize     1000.000000000000
NODATA_value -9999
[rows 114 to 132 of 285, columns 42 to 83 of 499]
3.2367517948150634766 4.2444448471069335938 3.689723968505859375 3.5205202102661132812 4.3414425849914550781 3.8347098827362060547 1.6133234500885009766 0.75 0.56374859809875488281 1.7321410179138183594 1.9625397920608520508 1.7176473140716552734 1.7787811756134033203 2.2567954063415527344 3.6667850017547607422 6.1772007942199707031 5.2981424331665039062 3.3768513202667236328 4.9851026535034179688 3.5189220905303955078 1.5402921438217163086 0.33773139119148254395 1.5350081920623779297 2.1737782955169677734 1.5351098775863647461 0.82764726877212524414 0.93558138608932495117 0.3259601294994354248 0.77479833364486694336 0.36055514216423034668 0.53062462806701660156 1.2341494560241699219 1.4310179948806762695 3.3369615077972412109 4.0181231498718261719 3.9915535449981689453 3.3630807399749755859 2.8377478122711181641 3.0891947746276855469 1.5496975183486938477 1.2426030635833740234 1.4673531055450439453
6.0392985343933105469 5.6790456771850585938 3.7885105609893798828 2.7620756626129150391 2.9611020088195800781 2.4182250499725341797 0.80409109592437744141 1.0465717315673828125 1.8658108711242675781 2.6521806716918945312 2.8723356723785400391 2.9360368251800537109 2.8845493793487548828 2.6942646503448486328 2.003902435302734375 3.9875195026397705078 4.8355779647827148438 1.5113115310668945312 2.8588678836822509766 1.615936279296875 1.5008331537246704102 1.1274971961975097656 1.2048081159591674805 1.5249999761581420898 1.3752272129058837891 1.2436087131500244141 1.2738965749740600586 0.72672212123870849609 0.42573466897010803223 0.57554322481155395508 0.58843010663986206055 1.3453624248504638672 1.1463257074356079102 1.4396179914474487305 0.86674678325653076172 1.8385626077651977539 1.8500000238418579102 2.6868312358856201172 2.7993302345275878906 1.1187325716018676758 0.96566039323806762695 0.76526141166687011719
8.4073810577392578125 6.2646327018737792969 4.6840486526489257812 3.8510143756866455078 2.6279745101928710938 1.4887075424194335938 0.52231454849243164062 1.5625499486923217773 2.2378141880035400391 1.8128879070281982422 0.93357509374618530273 1.4702253341674804688 1.7875436544418334961 1.6830960512161254883 1.5781713724136352539 2.9182615280151367188 3.281101226806640625 0.91241437196731567383 0.98757910728454589844 1.7125456333160400391 2.2133824825286865234 1.7472299337387084961 0.94240385293960571289 0.68852198123931884766 1.0550473928451538086 1.3986600637435913086 1.5781713724136352539 1.343619227409362793 0.55226802825927734375 1.0014052391052246094 0.73335701227188110352 1.1363317966461181641 0.37790539860725402832 1.5444456338882446289 3.5845589637756347656 3.9395430088043212891 3.5553655624389648438 3.0004167556762695312 2.3606805801391601562 1.415980219841003418 0.93290543556213378906 1.1075028181076049805
8.5202150344848632812 4.1043419837951660156 3.2921307086944580078 5.2636132240295410156 4.759464263916015625 2.2729387283325195312 1.1738026142120361328 1.2611998319625854492 1.6571813821792602539 2.6164145469665527344 2.7455077171325683594 2.6707911491394042969 2.87369537353515625 2.0263884067535400391 1.9040253162384033203 3.0145998001098632812 1.7256339788436889648 1.9456682205200195312 2.6875290870666503906 2.4825012683868408203 0.73845279216766357422 0.90622842311859130859 1.1555572748184204102 0.48023432493209838867 0.47762432694435119629 1.0547511577606201172 1.4724553823471069336 1.468949437141418457 1.0277402400970458984 0.92076736688613891602 0.60026037693023681641 0.70997357368469238281 1.3002403974533081055 2.0896320343017578125 2.6163547039031982422 1.8794946670532226562 1.273405909538269043 1.2442367076873779297 1.0659502744674682617 0.70710676908493041992 0.48250648379325866699 1.0680004358291625977
11.299778938293457031 8.777545928955078125 4.2609052658081054688 1.2325025796890258789 2.8991916179656982422 3.6683187484741210938 1.750446319580078125 0.83254128694534301758 1.0904414653778076172 1.2125644683837890625 1.7077946662902832031 2.7457354068756103516 2.4884734153747558594 1.1138334274291992188 1.8582586050033569336 3.5119884014129638672 1.2971122264862060547 1.9448649883270263672 1.3081475496292114258 2.5693504810333251953 2.75 1.5038492679595947266 0.55901700258255004883 0.76485294103622436523 0.55480849742889404297 0.57008773088455200195 1.1587978601455688477 1.1337162256240844727 1.700183868408203125 1.885636448860168457 1.2789155244827270508 0.92803555727005004883 1.4188463687896728516 3.0479500293731689453 3.8375203609466552734 2.4337470531463623047 1.2915591001510620117 0.96209406852722167969 1.1928170919418334961 1.6264417171478271484 1.7278057336807250977 2.0128493309020996094
11.020222663879394531 12.145022392272949219 10.782987594604492188 7.286224365234375 3.4141249656677246094 3.1292970180511474609 1.6719187498092651367 0.86331480741500854492 1.3767035007476806641 2.4799823760986328125 2.8657460212707519531 2.5449092388153076172 1.8263694047927856445 1.3601469993591308594 2.2203602790832519531 3.1466252803802490234 0.98043358325958251953 1.7396119832992553711 1.2020815610885620117 0.5376453399658203125 2.0615527629852294922 2.7067046165466308594 2.43733978271484375 1.468949437141418457 0.76750409603118896484 0.61032778024673461914 1.1051018238067626953 2.0041363239288330078 4.0833888053894042969 5.0259947776794433594 4.2848935127258300781 2.3180003166198730469 1.5709272623062133789 2.6882266998291015625 4.4905457496643066406 3.6336104869842529297 2.092620849609375 1.5297058820724487305 1.5985344648361206055 1.3050383329391479492 1.4153180122375488281 1.5934436321258544922
5.1954908370971679688 8.609951019287109375 11.015954017639160156 10.804628372192382812 7.7723269462585449219 3.9253184795379638672 1.9119688272476196289 2.1231610774993896484 2.4758837223052978516 1.8105592727661132812 1.3902562856674194336 1.6532166004180908203 1.7720927000045776367 1.8494931459426879883 2.1013388633728027344 2.4011716842651367188 0.88776403665542602539 1.4311271905899047852 1.5613496303558349609 0.66191011667251586914 1.0131942033767700195 2.1535580158233642578 2.6879360675811767578 2.2779514789581298828 1.6001952886581420898 1.6629228591918945312 2.0512952804565429688 2.8301942348480224609 3.7655096054077148438 2.2380936145782470703 3.0751016139984130859 1.7204650640487670898 1.2816005945205688477 1.8481409549713134766 3.9941363334655761719 4.0758819580078125 2.2724573612213134766 0.63368958234786987305 1.0006247758865356445 2.2815837860107421875 3.2253875732421875 2.4096162319183349609
1.221167445182800293 3.5041494369506835938 6.8550162315368652344 9.6387243270874023438 10.389448165893554688 8.2067995071411132812 5.255741119384765625 3.6685316562652587891 1.8668154478073120117 0.43660622835159301758 0.96063131093978881836 1.4285044670104980469 1.7826420068740844727 2.4296348094940185547 2.9181544780731201172 3.2705600261688232422 2.4106533527374267578 0.111803397536277771 1.7544585466384887695 1.7700635194778442383 1.2257651090621948242 0.93758332729339599609 1.5208960771560668945 1.9718328714370727539 1.2442367076873779297 0.85311925411224365234 0.68942910432815551758 1.3536986112594604492 2.120288848876953125 3.7491664886474609375 4.1743264198303222656 1.2752450704574584961 1.1853269338607788086 1.0032758712768554688 3.0621173381805419922 4.178890228271484375 3.5144345760345458984 1.9768187999725341797 2.2959203720092773438 2.9678485393524169922 2.5839045047760009766 1.5436360836029052734
0.9818668365478515625 0.61972779035568237305 2.7414641380310058594 5.2557706832885742188 7.8934507369995117188 8.7122936248779296875 6.6172361373901367188 4.585063934326171875 2.8729884624481201172 1.1855906248092651367 1.1319231986999511719 1.5416103601455688477 1.3287682533264160156 0.86331480741500854492 1.75089263916015625 2.8462693691253662109 3.2002441883087158203 1.7102631330490112305 0.73186403512954711914 1.6554833650588989258 1.6945685148239135742 1.3925021886825561523 0.63245552778244018555 1.5816328525543212891 1.644878387451171875 1.8027756214141845703 2.0988092422485351562 2.744312286376953125 3.9629929065704345703 4.5092267990112304688 2.2260532379150390625 2.1923160552978515625 1.5495966672897338867 0.81105643510818481445 2.229419708251953125 3.5665984153747558594 4.3331933021545410156 3.7390673160552978516 2.4922380447387695312 1.2300914525985717773 2.1275720596313476562 2.2475681304931640625
0.92280143499374389648 0.57716983556747436523 0.61897093057632446289 1.4366846084594726562 3.8898906707763671875 6.7358183860778808594 6.787212371826171875 5.7210412025451660156 4.9952478408813476562 2.7150046825408935547 1.1739356517791748047 1.1796450614929199219 0.97275382280349731445 0.83310413360595703125 0.92533779144287109375 1.6629228591918945312 2.4953081607818603516 2.3900837898254394531 0.96598392724990844727 1.0502976179122924805 1.2828191518783569336 1.5285818576812744141 1.4388580322265625 2.1054987907409667969 2.1670832633972167969 1.6839314699172973633 1.8463646173477172852 2.5325999259948730469 3.1875245571136474609 1.8831489086151123047 1.5837061405181884766 2.8302495479583740234 1.304439544677734375 0.86980599164962768555 1.7625442743301391602 2.44904327392578125 3.4628384113311767578 4.2039418220520019531 3.5794553756713867188 1.2611998319625854492 0.33587571978569030762 2.4197752475738525391
2.0878367424011230469 2.0667757987976074219 1.5957952737808227539 0.83441597223281860352 1.2290748357772827148 3.8448424339294433594 5.5530676841735839844 5.8250536918640136719 5.9508404731750488281 3.8831768035888671875 1.2673791646957397461 0.45449146628379821777 0.94950646162033081055 1.2992786169052124023 1.488497614860534668 1.5396834611892700195 1.3362728357315063477 1.7407792806625366211 1.0359175205230712891 0.63368958234786987305 1.2554879188537597656 1.3313527107238769531 0.95131486654281616211 1.0130399465560913086 1.5677411556243896484 1.0680004358291625977 0.88969796895980834961 2.2766478061676025391 1.7161912918090820312 2.0519807338714599609 2.3641197681427001953 1.9844709634780883789 1.6779824495315551758 1.7135488986968994141 1.7508033514022827148 1.8928319215774536133 2.5632619857788085938 3.7507498264312744141 3.7391510009765625 2.4096810817718505859 2.4272541999816894531 1.6794716119766235352
3.3340103626251220703 3.4398400783538818359 2.868198394775390625 1.9657218456268310547 1.3831576108932495117 1.2869538068771362305 3.3363528251647949219 5.1267986297607421875 6.6086354255676269531 5.5694761276245117188 3.8775393962860107422 3.5321736335754394531 2.7805125713348388672 2.0378451347351074219 1.4372282028198242188 1.1463257074356079102 1.2619429826736450195 1.4279574155807495117 1.1672617197036743164 0.29261749982833862305 0.65192025899887084961 0.90622842311859130859 0.53880655765533447266 0.62073546648025512695 1.5084139108657836914 1.625 2.0227611064910888672 3.1939885616302490234 1.700183868408203125 2.8989760875701904297 3.8526370525360107422 3.3819835186004638672 3.1153852939605712891 2.2380936145782470703 1.2099845409393310547 2.3255376815795898438 3.7490415573120117188 4.728404998779296875 4.1473636627197265625 2.6127691268920898438 0.16677080094814300537 2.4890384674072265625
0.70710676908493041992 2.4404149055480957031 3.0417921543121337891 2.4746842384338378906 2.2683281898498535156 1.1070795059204101562 1.5876476764678955078 3.7716045379638671875 6.3639612197875976562 6.4872231483459472656 4.9386548995971679688 4.3630909919738769531 3.4426097869873046875 1.4713939428329467773 0.56596159934997558594 0.86620581150054931641 0.93491309881210327148 1.0217937231063842773 0.89390295743942260742 0.56678920984268188477 0.46266889572143554688 1.0440306663513183594 0.84723818302154541016 0.36784848570823669434 1.4182956218719482422 0.956066131591796875 1.3677079677581787109 3.6929409503936767578 3.1070988178253173828 1.9224008321762084961 3.164302825927734375 2.662822723388671875 2.4164152145385742188 2.1494913101196289062 0.80039054155349731445 3.3451924324035644531 4.6817798614501953125 4.1463837623596191406 2.5499999523162841797 1.0407328605651855469 2.7306134700775146484 3.8243055343627929688
1.5900079011917114258 1.4032329320907592773 2.7306134700775146484 2.9146718978881835938 2.5390081405639648438 1.378631591796875 0.55368083715438842773 1.6994484663009643555 4.3018164634704589844 5.4802484512329101562 3.6616680622100830078 2.9814531803131103516 3.2055616378784179688 2.0588984489440917969 1.0230163335800170898 1.7259961366653442383 2.1691012382507324219 2.1633307933807373047 1.7126368284225463867 1.2769593000411987305 0.82499998807907104492 0.39528471231460571289 1.6031219959259033203 2.4349665641784667969 2.7139685153961181641 2.9154758453369140625 3.8900916576385498047 4.7273802757263183594 3.4349763393402099609 1.2850097417831420898 2.0779347419738769531 1.5317473411560058594 2.050685882568359375 2.6425602436065673828 0.79549515247344970703 3.6820933818817138672 4.3261561393737792969 2.6807181835174560547 1.4900712966918945312 1.9494390487670898438 3.8897299766540527344 3.7773172855377197266
1.7119067907333374023 0.93708324432373046875 2.2932646274566650391 3.1758856773376464844 2.5375308990478515625 1.3752272129058837891 0.75374066829681396484 0.58148515224456787109 2.3870744705200195312 4.7639927864074707031 3.4736509323120117188 2.1991474628448486328 3.5281457901000976562 3.75208282470703125 2.0163395404815673828 0.42019340395927429199 1.1524430513381958008 1.5780724287033081055 1.4388580322265625 1.0933034420013427734 0.87070375680923461914 1.5783693790435791016 3.0037996768951416016 3.5902645587921142578 2.9255876541137695312 2.6420872211456298828 3.3074252605438232422 3.6415998935699462891 2.5899446010589599609 2.2512495517730712891 2.6455740928649902344 1.7030303478240966797 1.9131942987442016602 2.4192585945129394531 1.0262187719345092773 3.0729668140411376953 3.4776518344879150391 2.7335875034332275391 2.7740426063537597656 2.9187433719635009766 3.755828857421875 3.1655371189117431641
1.6779824495315551758 1.2651580572128295898 1.6949373483657836914 3.1127259731292724609 2.6139647960662841797 1.4388580322265625 0.9022541046142578125 0.63245552778244018555 0.8450222015380859375 3.5571231842041015625 4.2633981704711914062 2.6521806716918945312 3.3457529544830322266 5.075984954833984375 4.3440332412719726562 1.9901318550109863281 1.7321410179138183594 1.8117671012878417969 1.5429273843765258789 1.4279574155807495117 1.450215458869934082 2.3262093067169189453 3.1809000968933105469 2.8094706535339355469 3.115535736083984375 3.1058411598205566406 3.341266632080078125 3.2232067584991455078 1.9906029701232910156 1.7931292057037353516 2.2392101287841796875 2.2534003257751464844 2.1377558708190917969 1.9073868989944458008 0.50559371709823608398 2.0280840396881103516 3.1289973258972167969 2.9648988246917724609 2.7902731895446777344 2.6725456714630126953 2.7975993156433105469 2.0237650871276855469
1.7622783184051513672 1.7440075874328613281 1.6808665990829467773 2.9410881996154785156 2.5842068195343017578 1.5765864849090576172 1.0179636478424072266 0.71785271167755126953 0.48283019661903381348 1.9953069686889648438 3.9246017932891845703 3.9327154159545898438 3.9059250354766845703 5.2532429695129394531 5.6307191848754882812 3.0832715034484863281 2.3375334739685058594 2.1436679363250732422 1.8954715728759765625 2.1523244380950927734 1.9827380180358886719 1.6730399131774902344 3.3941586017608642578 3.0675723552703857422 2.9670059680938720703 3.5943098068237304688 3.2513940334320068359 2.9526472091674804688 1.4637280702590942383 1.5383635759353637695 1.9701681137084960938 3.1655371189117431641 3.2473547458648681641 2.5925977230072021484 1.5224363803863525391 0.44194173812866210938 1.9733378887176513672 1.7890291213989257812 0.92618167400360107422 1.1305419206619262695 1.1327511072158813477 1.0431323051452636719
1.6337265968322753906 1.8221725225448608398 2.1571104526519775391 3.1075010299682617188 2.3228485584259033203 1.2933725118637084961 0.86692702770233154297 0.56263887882232666016 0.30923292040824890137 0.77540314197540283203 1.973654627799987793 1.6211493015289306641 1.0854146480560302734 3.4426097869873046875 5.5861716270446777344 3.9358131885528564453 2.2523598670959472656 1.9433380365371704102 1.8742498159408569336 2.2938096523284912109 2.3180003166198730469 2.1977972984313964844 2.6368777751922607422 3.5514080524444580078 2.2625346183776855469 0.96063131093978881836 0.79941385984420776367 1.6090563535690307617 0.50990194082260131836 1.5182226896286010742 2.2633631229400634766 2.9717419147491455078 3.3561975955963134766 3.31780242919921875 3.2634816169738769531 2.4906072616577148438 2.0839414596557617188 2.2606692314147949219 1.3794246912002563477 1.4450346231460571289 1.4011156558990478516 1.6886570453643798828
1.7483026981353759766 2.1445424556732177734 2.7101659774780273438 2.9699010848999023438 1.680029749870300293 0.7780182957649230957 0.69146585464477539062 0.55056786537170410156 0.3259601294994354248 0.67661845684051513672 2.4280908107757568359 2.4076051712036132812 1.1104615926742553711 1.3119641542434692383 4.7273802757263183594 4.7791867256164550781 2.9190108776092529297 2.2472205162048339844 2.6027028560638427734 2.8959023952484130859 2.7414641380310058594 2.689853668212890625 1.7315094470977783203 2.1901056766510009766 3.1655371189117431641 2.87369537353515625 2.4558603763580322266 2.4249999523162841797 2.1466543674468994141 1.4169729948043823242 1.8527851104736328125 2.5161974430084228516 2.557586669921875 2.8671088218688964844 3.2544679641723632812 3.0538909435272216797 2.25069427490234375 2.2274565696716308594 1.7709460258483886719 2.1662900447845458984 2.0694956779479980469 1.7007350921630859375
